Errors:
[2.5870924  2.58089805 2.67421484 3.05306983 2.58941555 2.85296988
 2.76279187 2.58358932 4.24148035 2.59372544 2.93703318 2.58091807
 2.61788011 2.72052121 2.57914877 2.83797574 2.49179769 3.18260312
 3.22122145 2.7109797 ]
Mean:
2.8199663281440737
Std:
0.3849815442900413
Errors:
[3.08492708 2.92324018 3.12448001 3.12037897 3.08010292 3.05781484
 3.36651587 3.5582068  3.018152   3.18518114 3.11762953 3.08737278
 3.56860304 3.16001606 3.03621888 3.11991835 3.07529449 3.50496459
 3.12097931 3.17237258]
Mean:
3.17411847114563
Std:
0.17580383726164475
Errors:
[3.89114499 4.53224421 3.48251605 3.56063509 4.22448277 7.70927477
 3.92965508 3.43163276 3.46658111 3.52384162 3.68200278 3.60331321
 5.35587502 3.37923312 3.45338392 3.55768037 3.97730708 3.37982869
 3.55067921 3.7272644 ]
Mean:
3.9709288120269775
Std:
0.9753331271056717
Errors:
[4.17054248 4.64232826 4.20907879 4.03157187 4.50712729 4.22079372
 4.35181999 4.90234041 3.94326162 5.10991144 4.53834581 4.09916854
 3.98624372 4.38016939 4.31127286 4.79457068 4.24793696 4.1720562
 4.93469715 4.18945169]
Mean:
4.387134444713593
Std:
0.32719981542888377
Errors:
[5.58213496 7.18420625 4.53531027 4.92106962 5.99693012 5.09934211
 5.05601716 5.461133   5.12791538 5.23728085 5.3012414  5.19456148
 5.82659125 6.46388936 5.10907292 5.51157737 4.61075783 5.08730388
 5.03202271 4.77283764]
Mean:
5.355559778213501
Std:
0.6138292824128587
