Errors:
[6.86571288 6.82870054 7.07841206 7.10047936 7.02381229 6.92777157
 6.89216828 6.85245609 6.8245523  6.95081139 7.06545854 7.09034657
 7.01645589 6.80754972 7.23284006 6.83569789 7.45422149 6.86330318
 7.36439848 6.97331071]
Mean:
7.002422964572906
Std:
0.17682655375328596
Errors:
[7.84479594 8.28603101 7.6746459  7.72732306 7.54877567 7.37230182
 7.43943    7.40158415 7.69361544 7.45172572 7.37825775 7.51546907
 7.63695216 7.62384152 7.4362855  7.80503988 7.67800236 7.40604305
 7.41019893 7.59544063]
Mean:
7.596287977695465
Std:
0.21322335035354445
Errors:
[ 7.98764968  8.26093125  8.11466622  8.00667357  8.64967394  8.0062325
  8.18530011  8.52538991  8.10523582  8.0777452   8.50260854  7.96516991
  8.10231924  8.1956563   8.53199792  8.66109037  8.14382315  8.18638659
 10.33636808  8.83229518]
Mean:
8.368860673904418
Std:
0.5166850468432567
Errors:
[ 8.93700242  9.68704271  9.47736692  9.15505123  8.98885202  9.19344211
  8.91327572  9.13163137  8.89277673  9.13102984  8.8523016   8.69810343
  8.79827213 10.55012059  9.89264679  8.85020304  8.87578821  8.84803009
  9.68893623  9.59235668]
Mean:
9.207711493968963
Std:
0.4580348025304139
Errors:
[ 9.9557035  10.17529893 10.13646674  9.83065009  9.84671831  9.82101703
  9.90141487 10.3308475  10.79156661  9.68886852  9.87045121  9.97934389
 10.64821887 10.22678232 10.127913   10.03041458  9.85167098 12.82598352
 11.08699822 10.97564626]
Mean:
10.305098748207092
Std:
0.6987177081854294
