Errors:
[0.77679491 0.4534564  0.48372602 0.45160627 0.45195937 0.45102572
 0.44807124 0.45618415 0.45589256 0.44565439 0.44727015 0.4447763
 0.45570087 0.44461083 0.47152066 0.44491291 0.44480491 0.45097232
 0.44451904 0.44979405]
Mean:
0.4686626553535461
Std:
0.07131786939618492
Errors:
[0.54357719 0.70099211 0.67012787 0.54117465 0.67308426 0.67324281
 0.54105687 0.67314076 0.67274928 0.67887354 0.56201386 1.91943431
 0.67060161 0.54919243 0.54991627 0.55506158 0.61708713 0.52749085
 0.6772182  0.54949236]
Mean:
0.6772763967514038
Std:
0.29170863217087706
Errors:
[0.68773985 0.67220902 1.3982954  0.6887424  0.71893358 0.65528631
 0.66466141 0.68755627 0.68542361 0.68157125 0.68083644 0.65319777
 0.72857666 0.70071125 0.67132425 0.73623252 0.65997434 0.87099862
 0.72985721 0.70706058]
Mean:
0.733959436416626
Std:
0.15924954257338397
Errors:
[0.85342979 0.87675929 0.83657408 0.8745513  0.84637904 0.87579727
 0.83572936 1.55481791 0.85017228 0.86781716 0.81192946 0.88598704
 0.95443439 0.89877415 0.89917803 0.85651517 0.97726679 0.88011312
 0.82916999 0.8979609 ]
Mean:
0.9081678271293641
Std:
0.15331952756122252
Errors:
[1.25423694 1.09780645 1.08024049 1.03605103 1.1733005  1.13398385
 1.09108257 1.07377911 1.07968068 1.092453   1.12083745 1.11912489
 1.15185523 1.05779481 1.03282952 1.13603115 1.0427494  1.06791306
 1.05755162 1.09973049]
Mean:
1.0999516129493714
Std:
0.05158871979529205
Errors:
[1.38009071 1.43280244 1.30966282 1.28128767 1.36764407 1.50359583
 1.33162904 1.34053516 1.40392303 1.44490838 1.34013939 1.44941044
 1.34748197 1.38633561 1.3254137  1.28407049 1.3516624  1.36828232
 1.28852987 1.36307859]
Mean:
1.365024197101593
Std:
0.05761297685066832
Errors:
[1.75461292 1.74464583 1.6170814  1.84312105 1.86468029 1.69558311
 1.85734725 1.75306487 1.80823064 1.91458941 1.80156851 1.80745554
 1.78497934 1.70958495 1.60634494 1.70551276 1.77274251 1.59797215
 1.93772697 1.82743239]
Mean:
1.7702138423919678
Std:
0.09290938207324974
Errors:
[2.28722787 2.24382782 2.13737845 2.27474546 2.09661579 2.39735866
 2.1599648  2.05881166 2.24758983 2.32918549 2.19588661 2.18042541
 2.05128169 2.2133162  2.3960638  2.48385143 2.12885237 2.1056006
 2.14237595 2.00785708]
Mean:
2.2069108486175537
Std:
0.12331503575464778
Errors:
[2.83341789 3.15989137 2.68914723 2.9067359  3.50330162 2.71830511
 2.86590838 2.92932129 2.7851932  3.19355917 3.09589791 3.36311412
 2.7200377  2.7440691  2.93958354 2.85941815 2.82864332 3.00538087
 2.91945791 2.80715942]
Mean:
2.943377161026001
Std:
0.2139129522914355
Errors:
[3.32428288 3.98993492 3.12811756 3.32412553 3.41215587 3.65374875
 3.87397432 3.7206192  3.40681744 2.9811275  3.73536754 3.38549089
 3.26899338 4.26021051 3.19169998 3.52980995 3.63519859 3.33269167
 3.66383791 3.30726624]
Mean:
3.5062735319137572
Std:
0.3035739001708688
