Errors:
[2.56425357 2.23540926 2.27799869 2.14605641 2.38324332 2.06716299
 2.08814549 2.6370163  2.24505591 2.17875075 2.22254252 2.05352473
 2.41556406 2.13056064 2.18288469 2.12809443 2.61077976 2.15713596
 2.0929811  2.65423369]
Mean:
2.273569715023041
Std:
0.19480156378828206
Errors:
[2.25922585 2.53029776 2.49684858 2.38475919 2.29687834 2.6042974
 4.08770633 2.31483006 2.60083842 2.38680792 3.06608987 2.45183206
 2.27448201 2.57161355 3.35366416 2.1818819  2.69889641 3.31620765
 2.48118544 2.37313485]
Mean:
2.636573886871338
Std:
0.46153322219591403
Errors:
[2.81090546 3.93701839 3.61615539 2.54688835 3.21037555 3.32664156
 3.1134181  2.59779644 3.37660909 3.12447691 3.39139748 3.15553832
 3.17472863 3.46305442 2.7467792  3.08089495 3.13760829 2.97305083
 2.80085182 2.90964174]
Mean:
3.1246915459632874
Std:
0.3340027232687939
Errors:
[3.84481072 3.47542834 3.64535332 3.65100622 3.24139762 3.29861665
 4.25363231 3.64916229 3.68654776 3.11096692 4.50351214 3.86685824
 3.39771008 3.30547643 3.23607683 3.55892873 3.3455534  3.1899364
 3.06297731 3.33278084]
Mean:
3.5328366279602053
Std:
0.3624671445417591
Errors:
[ 5.38164115  4.1322391   3.90064478  8.96043897  3.59011602  4.12162495
  3.95742464  4.98921156  4.77339578  6.27512121  3.93106723  3.95799375
  5.1662972   3.73300385  3.5048995   4.66311145 10.94227409  6.8957932
  5.49458575  4.86688447]
Mean:
5.161888432502747
Std:
1.8461984594042824
