Errors:
[0.16884351 0.16596198 0.16804457 0.17196703 0.16474915 0.16487646
 0.16393352 0.16591787 0.16542768 0.16521978 0.1645956  0.16323495
 0.16472697 0.16799641 0.16580391 0.1676991  0.16764283 0.16369891
 0.16437697 0.16380453]
Mean:
0.1659260869026184
Std:
0.0021142544542231403
Errors:
[0.22057819 1.39220119 0.50977063 0.2478683  0.21255231 0.21763659
 0.22120285 0.21672845 0.21559    0.21655679 0.21739435 0.27832246
 0.22504592 0.22119689 0.21802759 0.57168722 0.21448898 0.22001576
 0.21673369 0.21377015]
Mean:
0.3133684158325195
Std:
0.26568343343613704
Errors:
[0.2771554  0.27550101 0.28485107 0.35753536 0.33884859 0.28651309
 0.2852211  0.27618098 0.32292318 0.28670216 0.27542114 0.71670651
 0.30895734 0.27735639 0.27712154 0.29863763 0.27716875 0.2878058
 0.28690195 0.27880788]
Mean:
0.3138158440589905
Std:
0.0950475736326665
Errors:
[0.35238314 0.36004305 0.37841249 0.46468806 0.36272454 0.35486603
 0.36265469 0.38874197 0.35456681 0.38921309 0.36765862 0.36645007
 0.36334872 0.41535139 0.38979316 0.35677791 0.35541821 0.37191105
 0.35709548 0.36135697]
Mean:
0.3736727714538574
Std:
0.026090222025483993
Errors:
[0.46819425 0.45318413 0.45881987 0.56442833 0.46086955 0.4547298
 0.47065806 0.49520373 0.46362591 0.45835757 0.47906518 0.53137159
 0.53313351 0.45633411 0.54400468 0.46416569 0.58480763 0.45849752
 0.51673174 0.55396271]
Mean:
0.49350727796554567
Std:
0.04212062838142036
Errors:
[0.64840412 0.60901141 0.83523965 1.23333025 0.66960692 0.57653213
 0.66047597 0.62716985 0.57206583 0.81078076 0.5678587  0.65801311
 7.11796641 0.56286931 0.57530236 0.5915699  0.60069084 0.56312227
 0.64118004 0.60970116]
Mean:
0.9865445494651794
Std:
1.414549935063306
Errors:
[0.69335032 0.72992158 0.71763372 0.71080112 0.83981061 0.7630651
 0.79251623 0.8451941  0.89053798 0.73430753 0.76804519 0.74895954
 0.74701095 0.76876688 0.77767372 1.01079631 0.72751451 0.79529595
 0.77443075 0.70510101]
Mean:
0.7770366549491883
Std:
0.07256676297118111
Errors:
[0.93848825 1.022084   1.00352859 0.96149802 1.05862784 1.00019693
 0.96289849 0.93819165 1.03801727 0.95419264 0.93102217 0.98243308
 0.95957804 0.98671746 1.01363873 0.91131878 0.93902087 1.06397986
 0.95265222 0.91766739]
Mean:
0.9767876148223877
Std:
0.044117604895037923
Errors:
[1.16885591 1.21546125 1.17579317 1.32010365 1.20216727 1.26581836
 1.28393602 1.21288705 1.13115287 1.24635172 1.15457487 1.17201185
 1.17300797 1.1602006  1.21372104 1.28090715 1.18522906 1.15166593
 1.1801064  1.18571138]
Mean:
1.2039831757545472
Std:
0.049692504952318764
Errors:
[1.47635102 1.49948716 1.62357473 1.55300689 1.42898703 1.47262168
 1.50469446 1.72434258 2.06274152 1.49202204 1.54239917 1.5171566
 1.64788461 1.58236241 1.63370085 1.51012325 1.57132983 1.59353757
 1.62972164 1.51120925]
Mean:
1.578862714767456
Std:
0.13165363106101333
