Errors:
[5.88424373 5.55965304 5.34080887 5.34749699 5.38851833 5.68268371
 5.47937012 5.36955285 5.83486438 5.38109112 5.3803196  5.57915974
 5.38215947 6.64574671 5.42758274 5.38134742 5.48240781 6.24813056
 6.02648878 6.31650805]
Mean:
5.656906700134277
Std:
0.37197731191083366
Errors:
[5.95221853 6.59692168 5.92094493 6.09878135 6.04945445 5.92631102
 5.94644165 6.07129836 6.9641428  5.97437263 6.02180171 5.98316836
 5.93597603 6.38108277 6.12252903 5.87538719 6.89431953 6.16155076
 6.03420949 5.98845983]
Mean:
6.1449686050415036
Std:
0.30888322877922686
Errors:
[ 6.55777764  7.12811637  7.86564517  6.84101105  9.0135932   6.74648714
  7.43937731  7.01055002  7.28113747  6.56457853  6.94488525  6.53733182
  6.6897192   6.73870826  7.23184967  6.9596169   6.68761134  6.5604105
 54.67324471  6.86471987]
Mean:
9.416818571090698
Std:
10.39767135847891
Errors:
[ 7.32442331 10.12086177  7.72371554  7.46385455 10.73156476  7.75686145
  7.57881999  7.62522316  8.18828011  7.59221697  8.16029429  7.90029359
  8.52239776  7.27672529  7.7030611   7.85663795  7.54400396  7.39316463
  7.78565621  8.35171723]
Mean:
8.02998868227005
Std:
0.8667935955869575
Errors:
[ 9.33177876  8.63543963 11.52511215  8.14992285  8.20789838  8.26805091
  8.55099964  8.66522455  8.29741001  8.55344605  8.67968249  8.85208654
  8.9504993   8.31414056  9.03630877  8.63367581  9.2548821   8.42899489
  8.63826489  8.57783151]
Mean:
8.777582490444184
Std:
0.7055226303205188
