Errors:
[9.1142652  9.30278778 8.83674455 8.77959943 8.78952932 9.13392663
 8.95820069 8.8928659  9.29717827 9.16555047 9.16898608 9.21941686
 9.11880302 9.06303859 9.04024482 9.23077488 9.38777566 8.85766697
 8.76221848 8.96199775]
Mean:
9.054078567028046
Std:
0.1858675032287668
Errors:
[10.22076392 10.14928579 10.10137534 10.28175664 11.5278244  10.09077859
 10.89030528  9.95515919 10.74617386 10.54561567 10.04658151 10.10588908
 10.66291189  9.84502125 10.07578373 10.28000665  9.96538019 10.08518815
 10.02047682 10.02273226]
Mean:
10.280950510501862
Std:
0.39648635529861953
Errors:
[11.18300581 10.96797109 10.79631877 11.22360492 12.24391532 11.0690546
 11.9709723  11.64201975 11.90954924 10.97434211 10.83197784 11.02739644
 11.07613111 10.70816278 10.92299819 10.74403024 10.98915529 10.68900847
 11.05079556 10.96820402]
Mean:
11.149430692195892
Std:
0.43047888061906364
Errors:
[12.19707727 12.17683554 11.9020834  12.51352859 12.05075002 11.90319419
 15.74999022 12.61417174 12.45421767 11.90514302 12.15834355 11.91662073
 12.52589226 12.34912348 12.40262175 12.96409702 12.09572864 11.86816645
 12.1234839  12.0369451 ]
Mean:
12.395400726795197
Std:
0.8200209199610213
Errors:
[13.55743337 13.52265596 13.82888985 13.02536654 13.59157014 13.19074178
 13.49898648 13.46222115 13.38606691 14.13753986 13.69968915 13.53828168
 16.79956388 18.12137604 14.21166086 16.46755624 15.07789731 13.5098083
 13.32246065 14.09370399]
Mean:
14.202173507213592
Std:
1.3317936779254336
