Errors:
[0.17421961 0.17308092 0.17305422 0.17797184 0.17248631 0.21373177
 0.17569089 0.17665815 0.17071629 0.17532086 0.17474461 0.17381573
 0.17157912 0.17524195 0.17202854 0.17930651 0.17128968 0.67784262
 0.1979537  0.17205429]
Mean:
0.20243937969207765
Std:
0.10952791532584717
Errors:
[0.27179193 0.2682817  0.26276636 0.27983022 0.26375675 0.25760198
 0.26424408 0.31441402 0.29872727 0.26867342 0.26017761 0.26228213
 0.27403426 0.2627995  0.29726672 0.26083755 0.25998616 0.25768828
 0.26548505 0.29293275]
Mean:
0.27217888832092285
Std:
0.015708843674878636
Errors:
[0.42165136 0.44269776 0.41836023 0.40481114 0.39922261 0.4021318
 1.34766531 0.54802608 0.44598079 0.41352701 0.40327048 0.45406032
 0.39536166 0.44343638 0.46232867 0.40395975 0.40248108 0.3973
 0.45510507 0.40935826]
Mean:
0.47353678941726685
Std:
0.2035512395768142
Errors:
[0.61429167 0.62538886 0.60961533 0.61161971 0.63889933 0.68420506
 0.63811016 0.69415593 0.62340379 0.62023115 0.64156651 0.66765738
 0.63351345 0.62545967 0.635252   0.61641407 0.61695409 0.70492411
 0.64876938 0.6230886 ]
Mean:
0.6386760115623474
Std:
0.02723496110576848
Errors:
[0.94103003 0.955127   1.00001717 0.94471598 1.02244902 0.9360919
 1.11488628 0.97604156 0.97676778 0.93179274 0.94893456 0.99412179
 0.94721508 0.96579504 1.04118061 0.93920445 0.9310596  0.94923973
 0.99617481 0.95291662]
Mean:
0.9732380867004394
Std:
0.04434391995785023
Errors:
[1.34456968 1.31967831 1.3802824  1.32909298 1.37834787 1.37629557
 1.35764527 1.36008477 1.39206147 1.34425092 1.37229538 1.35269189
 1.33553267 1.41966796 1.31754994 1.30713868 1.3769598  1.31198311
 1.31912947 1.37055683]
Mean:
1.3532907485961914
Std:
0.029621712117793006
Errors:
[1.89737797 1.88672256 1.88111687 1.94377279 1.91202092 1.891644
 1.9662559  1.93584156 1.93930769 1.91498613 1.96161032 1.91701293
 1.89005089 1.99008393 1.91872144 1.83112192 1.9162147  1.92714143
 1.90753579 1.86853075]
Mean:
1.9148535251617431
Std:
0.035455920252081684
Errors:
[2.66905618 2.65976143 2.62790179 2.6432426  2.57926893 2.56397533
 2.61985445 2.55836487 2.658571   2.691962   2.70584607 2.70761299
 2.6185143  2.65015388 2.61786652 2.53237987 2.6305232  2.7153759
 2.6729269  2.63001609]
Mean:
2.637658715248108
Std:
0.04968110540671427
Errors:
[3.49423814 3.61226773 3.503438   3.49666691 3.49790168 3.59244514
 3.60123849 3.6813097  3.52124023 3.57868004 3.62216592 3.59985995
 3.5529139  3.63008451 3.47660851 3.49862289 3.6305902  3.57198381
 3.56788635 3.92789388]
Mean:
3.5829017996788024
Std:
0.09711469614682522
Errors:
[4.97611022 4.9088757  5.52912998 4.84147382 4.8789475  5.00779009
 5.28791142 5.19810438 4.97138023 4.99494362 5.31980109 5.48372459
 5.61205888 5.49789119 5.03838062 5.25283337 5.66384912 5.00584173
 5.45533204 5.38901377]
Mean:
5.215669667720794
Std:
0.2593234639175269
