Errors:
[0.40752482 0.41912627 0.41701984 0.41115379 0.40414882 0.41523218
 0.40384078 0.41169691 0.41009283 0.41652393 0.42086768 0.4030757
 0.40312409 0.40035486 0.406811   0.40559912 0.40389729 0.41329622
 0.41311288 0.4022541 ]
Mean:
0.4094376564025879
Std:
0.0060514128483095024
Errors:
[0.47102904 0.46554232 0.46687412 0.46469045 0.4747684  0.61619997
 0.46997738 0.53421807 0.49887085 0.48068905 0.47797656 0.46760368
 0.46869516 0.46695447 0.46917796 0.46801353 0.49383283 0.47197938
 0.46610284 0.46985865]
Mean:
0.4831527352333069
Std:
0.034452875398370636
Errors:
[0.53922558 0.54163861 0.53766894 0.56147861 0.54027009 0.54393554
 0.54892349 0.55135822 0.53843498 0.5428617  0.54293752 0.54323864
 0.56011224 0.53910065 0.5415647  0.8827579  0.55543375 0.54867744
 0.55645871 0.55824208]
Mean:
0.5637159705162048
Std:
0.07358089435492172
Errors:
[0.64411187 0.65570378 0.70125747 0.63256741 0.65383577 0.64044404
 0.66505027 0.65932751 0.72738194 0.6379385  0.64846706 0.63426876
 0.64005208 0.72561145 0.68928528 0.62744737 0.63710308 0.63604069
 0.67059517 0.62496614]
Mean:
0.6575727820396423
Std:
0.029945241503769458
Errors:
[0.78208184 0.78670764 0.7473731  0.76066518 0.77677321 0.92134643
 0.77245903 0.75669527 0.77753377 0.75519896 0.75356936 0.77993369
 0.79856873 0.76455164 0.77135301 0.88579392 0.7580111  1.04938245
 0.76481962 0.77196312]
Mean:
0.7967390537261962
Std:
0.07175957788008701
Errors:
[0.92560768 0.90303159 0.96389031 0.88914561 1.27179265 0.92961788
 0.89294291 0.90973759 0.90268373 0.95023775 0.91408253 0.89677882
 0.89240456 0.89932299 0.91744876 0.90778208 0.89223886 0.91825771
 0.93852091 0.92467618]
Mean:
0.9320100545883179
Std:
0.08039674407202635
Errors:
[1.09374166 1.1560638  1.10771132 1.12966633 1.13391876 1.09104824
 1.08880043 1.12964487 1.07903624 1.20491314 1.1139648  1.14725304
 1.11589098 1.06947899 1.06450248 1.06790209 1.06720495 1.09065795
 1.09330201 1.11308932]
Mean:
1.1078895688056947
Std:
0.03452486767404505
Errors:
[1.34453607 1.42469573 1.35539198 1.32867503 1.36352801 1.31958032
 1.34964561 1.30537438 1.32477641 1.39984918 1.5951612  1.28445315
 1.4661715  1.31315041 1.40461397 1.30892015 1.39651442 1.31595945
 1.41776681 1.39367485]
Mean:
1.370621931552887
Std:
0.0698410678391428
Errors:
[1.67701054 1.64115548 1.74769187 1.69432664 1.7025404  1.66804433
 1.73194242 1.69379139 1.78336048 1.7009747  1.66859078 1.70493221
 1.6572361  1.76531696 1.62632537 1.74778962 1.76594591 1.73895741
 1.70587754 1.69318652]
Mean:
1.7057498335838317
Std:
0.042094132014572044
Errors:
[2.16841507 2.08233047 2.06218004 2.11560464 2.13962054 2.04196024
 2.03921962 2.11195946 2.23701048 2.3512888  2.21627426 2.23677659
 2.07843828 2.05489945 2.06631446 2.19506764 2.05651116 2.07710934
 2.14632535 2.19338822]
Mean:
2.1335347056388856
Std:
0.0815630161517687
