Errors:
[0.157125   0.16223669 0.59263539 0.16174126 0.15704441 0.1596067
 0.15738583 0.16979361 0.15831327 0.15987635 0.15849304 0.15642905
 0.15849161 0.15883827 0.1630373  0.66124058 0.15957499 0.16236544
 0.16063762 0.15939164]
Mean:
0.20671290159225464
Std:
0.14052380961879707
Errors:
[0.20838308 0.21196651 0.20986342 0.20943904 0.20424604 0.20596766
 0.20277452 0.20973325 0.20553589 0.20554399 0.20379138 0.20972395
 0.21073437 0.22373843 0.20918679 0.2816565  0.20431542 0.20800281
 0.2057178  0.20378757]
Mean:
0.21170542240142823
Std:
0.016653128580007216
Errors:
[0.47365069 0.29260802 0.26465821 0.26869273 0.41655397 0.27326417
 0.27222776 0.26072764 0.26036692 0.25907207 0.2647078  0.32959938
 0.3334384  0.26549959 0.27014184 0.25788474 0.26199102 0.26335812
 0.25890684 0.25794387]
Mean:
0.2902646899223328
Std:
0.05645437969941654
Errors:
[0.3395617  0.33641744 0.34012032 0.33223057 0.3693583  0.33476758
 0.33769822 0.35040736 0.33271432 0.3379662  0.36310291 0.33932567
 0.3366363  0.34967923 0.3286829  0.38745642 0.35197353 0.34061956
 0.80033207 0.33332014]
Mean:
0.3671185374259949
Std:
0.10038391167154626
Errors:
[0.42700672 0.43205166 0.42699218 0.42664289 0.41328621 0.42328954
 0.44866657 0.43574786 0.42218184 0.42650604 0.4182632  0.42707992
 0.46957588 0.44902825 0.4209609  0.41979361 0.44150901 0.45153046
 0.41698813 0.43330073]
Mean:
0.43152008056640623
Std:
0.013789789522694298
Errors:
[0.57667994 0.55703306 0.52284551 0.57154536 0.57121801 0.55681753
 0.5890317  0.56946015 0.5838244  0.54542589 0.63102269 0.54074597
 0.54017472 0.54861975 0.61413765 0.5578227  0.54229021 0.54645777
 0.53678083 0.53852415]
Mean:
0.5620229005813598
Std:
0.02639861080791038
Errors:
[0.71076322 0.65688419 0.64148188 0.65863776 0.64582253 0.6600585
 0.70304561 0.67968774 0.66443157 0.67208481 0.68219376 0.71844983
 0.65191698 0.64530802 0.66479993 0.647295   0.64639688 0.72749805
 0.73799038 0.69433713]
Mean:
0.6754541873931885
Std:
0.029273818767136774
Errors:
[0.81746507 0.82103181 0.84445024 0.8812449  0.87177253 0.81934786
 0.82101226 0.81170869 0.85292697 0.94635296 0.93779922 0.92699409
 0.80372071 1.05769777 0.84046268 0.87988591 0.81260157 0.82768822
 0.82073665 0.91877007]
Mean:
0.8656835079193115
Std:
0.06260232650516505
Errors:
[1.05427909 1.0668962  1.01434517 1.17745185 1.0394032  1.07736969
 1.13372636 1.15345716 1.01760006 1.14360642 1.06092453 1.03457975
 1.09630847 1.12800598 1.1605258  1.0250895  1.0220685  1.04141045
 1.09873915 1.04067206]
Mean:
1.0793229699134828
Std:
0.05184042174484146
Errors:
[1.95757365 1.40422893 2.46351862 1.4414115  1.42939162 1.56126475
 1.70373273 1.45166159 1.79879236 1.46074772 1.48341322 1.46247959
 1.469522   1.46130085 1.43921447 1.53049326 1.65300226 1.45203137
 1.71406174 1.41073203]
Mean:
1.5874287128448485
Std:
0.24790190433602763
