Errors:
[1.17345262 1.16339374 1.16245198 1.20407414 1.16606569 1.1620748
 1.16365886 1.16182542 1.19705606 1.16448665 1.16248631 1.16492796
 1.15973806 1.16319895 1.16257215 1.20904827 1.16375923 1.16374803
 1.1618185  1.16704965]
Mean:
1.169844353199005
Std:
0.014471016268819945
Errors:
[1.46644664 1.46447301 1.46526599 1.44519496 1.4491837  1.44875169
 1.44840717 1.45829487 1.4472928  1.44707322 1.45737457 1.45267105
 1.45600867 1.5084877  1.44390988 1.45087886 1.44733477 1.45759678
 1.44782019 1.46325755]
Mean:
1.4562862038612365
Std:
0.0138507363484246
Errors:
[1.77091265 1.76325345 1.75922394 1.7795403  1.7518239  1.76317024
 1.75161028 1.75286818 1.76051807 1.75544977 1.74877024 1.76659131
 1.75536871 1.76714945 1.77144551 1.75779223 1.76056719 1.763762
 1.74489903 1.74918866]
Mean:
1.759695255756378
Std:
0.008563732527452624
Errors:
[2.20409513 2.15709805 2.14111543 2.16231704 2.17354083 2.1671226
 2.18118048 2.15883255 2.14055729 2.20711851 2.16994429 2.24411893
 2.1614449  2.19357562 2.23833346 2.16683078 2.1341877  2.15480566
 2.23772502 2.14230919]
Mean:
2.176812672615051
Std:
0.03277056284538976
Errors:
[2.70358992 2.67391372 2.7145195  2.6873548  2.65642571 2.65698457
 2.6781044  2.67458701 2.74292898 2.66536117 2.66342854 2.64530444
 2.84533215 2.72008562 2.66358352 2.70541048 2.69652534 2.65762424
 2.69472241 2.66402817]
Mean:
2.690490734577179
Std:
0.043307956883967665
Errors:
[3.31481481 3.19847608 3.22730446 3.20035362 3.23455834 3.23061967
 3.22140884 3.29023623 3.20439458 3.27656364 3.23086953 3.2171526
 3.19658661 3.15155125 3.20268989 3.21507716 3.20000458 3.18771911
 3.26128054 3.20946884]
Mean:
3.2235565185546875
Std:
0.03693420184650809
Errors:
[3.94210863 3.89219069 3.88136816 3.99103785 3.84990406 4.13857245
 3.96211982 3.85963082 3.93108916 3.84545684 3.84455347 3.85375381
 3.88351035 3.91962218 3.83950973 3.79244518 3.87306261 3.82018661
 3.95521116 3.79557967]
Mean:
3.893545663356781
Std:
0.07766504909563873
Errors:
[4.55141377 4.78410387 4.4665072  4.56470156 4.49318194 4.67739367
 4.5679934  4.45841336 4.44997764 4.50332642 4.46704197 4.49179125
 4.5156548  4.49522376 4.52093291 4.58106732 4.5051353  4.45367885
 4.37764859 4.56304693]
Mean:
4.524411725997925
Std:
0.08563791627555997
Errors:
[5.17388821 5.19822407 5.15678072 5.27987146 5.18954062 5.20183778
 5.24477625 5.16370392 5.26639366 5.09305429 5.27218795 5.01169324
 5.10579324 5.14933443 5.15848827 5.15528226 5.10246634 5.17222381
 4.99400377 5.13732934]
Mean:
5.161343681812286
Std:
0.07443401505373172
Errors:
[6.20447826 6.0730598  6.0277667  5.87305593 6.91047239 5.94558764
 6.07780337 6.10219979 5.92440367 5.91440606 6.0492456  5.90634227
 6.03469253 5.87922931 6.05396771 5.98761487 5.98209882 5.94083667
 5.83034968 6.09065723]
Mean:
6.040413415431976
Std:
0.21951111864059608
