Errors:
[4.65666103 4.29112959 4.21146226 4.49360442 4.34737229 4.4133997
 3.95681262 4.29516411 4.10690331 4.21878147 4.42932582 4.43175411
 4.52144837 4.22407293 4.0384078  4.21901417 4.81060457 4.44676185
 4.97665071 4.74927759]
Mean:
4.391930437088012
Std:
0.2535952537871348
Errors:
[5.07469749 5.09434295 5.43093348 5.50901484 4.73335528 5.16693997
 5.12261486 5.26561952 5.27431345 5.35343027 4.95730519 5.07294178
 4.71820688 5.30900168 5.07096887 5.36657333 5.56243491 5.26665878
 5.15637302 5.28657317]
Mean:
5.189614987373352
Std:
0.21683893909640678
Errors:
[5.63946652 6.25714564 6.35542798 5.98582196 6.1213913  6.07192421
 6.45876789 6.54644704 5.8033967  5.85398126 5.37131715 5.56441045
 5.28274369 5.45172691 5.62225556 5.36344695 5.68949318 6.34430027
 5.4455986  5.63313103]
Mean:
5.843109714984894
Std:
0.38885374175187837
Errors:
[ 7.02858782  6.25874138  6.81698465  6.20738411  7.19835544  6.60447717
  6.62484574  8.75587893  6.61005521  6.49143815  7.33316565  7.66851473
  7.16272449  6.50471926  7.05235958 10.66201282  7.25730443  6.13182354
  7.6062088   6.61671877]
Mean:
7.129615032672882
Std:
1.0070611784460173
Errors:
[ 7.17870092  9.202353    8.23113704  9.56206393  8.42686296  7.6493125
  7.95321178  7.78967881 23.65559673  8.05524206  8.54928923  7.88821888
  9.16527629  9.16723013  8.52905917 11.2752583   7.51326299  8.55811262
 10.76703238  9.09136844]
Mean:
9.41041340827942
Std:
3.4184674714084506
