Errors:
[2.3702786  2.38188481 2.36474109 1.97751522 2.0006249  2.10616422
 2.05047464 1.99029589 2.10513997 1.80482149 2.27077413 2.30750656
 1.9657259  1.83035421 2.30370164 2.04627371 2.16212177 2.05255389
 2.13938808 1.90205932]
Mean:
2.1066200017929075
Std:
0.17356059348426345
Errors:
[2.11673117 2.14939475 2.02853847 2.38930678 2.14711785 2.14826655
 2.15819144 2.91987181 2.21853018 2.28055978 2.3272078  1.99054217
 2.41635585 2.19682384 2.11039281 3.34162426 2.42726684 2.62657905
 2.18051553 2.5191648 ]
Mean:
2.334649085998535
Std:
0.31610663774488507
Errors:
[ 2.36047983  2.62635994  2.72999167  2.60298681  2.36245584  2.60596538
 14.72731471  2.4652741   2.44066143  2.74614573  2.93888545  2.78479958
  2.36455846  3.13336897  2.69191289  2.6815393   2.49977875  2.46768498
  2.91459107  2.60286593]
Mean:
3.2373810410499573
Std:
2.6436105648590327
Errors:
[3.148772   3.09828687 3.58402681 3.06154609 4.23568463 2.90754747
 2.96933508 3.5453558  4.50182581 2.9776516  3.02995396 3.48318052
 3.0035038  3.37976193 3.38901925 2.85731912 2.8586545  3.02224493
 3.00585008 2.97189379]
Mean:
3.251570701599121
Std:
0.4342978942600934
Errors:
[3.46815181 4.26807976 3.96569896 4.64511967 3.35596704 4.01517057
 3.94010997 7.40037346 4.09487319 3.54554081 4.53124118 3.76454163
 3.65483165 3.74381399 3.34217954 3.78669214 3.48693871 3.33765364
 3.66620946 3.89690709]
Mean:
3.9955047130584718
Std:
0.8600287018172057
