Errors:
[0.71352768 0.61525774 0.63096428 0.63035297 0.69647217 0.6131072
 0.86633444 0.64067698 0.59903979 0.63147855 0.88545537 0.62683845
 0.61386418 0.60218692 0.63526821 0.66029763 0.61875486 0.64428973
 0.62349463 0.6191771 ]
Mean:
0.6583419442176819
Std:
0.07762078497940826
Errors:
[0.88439107 0.85228181 0.86506557 0.89508557 0.87553334 0.90344
 0.89506507 0.87141323 0.84874415 0.87464738 0.86290836 0.86909723
 0.87645626 0.88286209 0.87276721 0.90697122 0.90074039 0.87588525
 0.8650589  0.88091016]
Mean:
0.8779662132263184
Std:
0.01567447094511236
Errors:
[1.30812526 1.1402595  1.17300701 1.15420294 1.12175775 1.19191003
 1.18755746 1.2178092  1.1629703  1.16942215 1.19274211 1.20361376
 1.19996905 1.1727252  1.23177314 1.16487622 1.15141582 1.16705799
 1.14459014 1.18622565]
Mean:
1.182100534439087
Std:
0.0389885278247102
Errors:
[1.4985199  1.52227998 1.51966453 1.52300024 1.5027442  1.6088264
 1.55631423 1.48905444 1.6875124  1.56858921 1.48408031 1.55296493
 1.5365293  1.52891898 1.53352714 1.56497979 1.55450511 1.61220121
 1.58863115 1.50916529]
Mean:
1.5471004366874694
Std:
0.04802485039640479
Errors:
[2.0498054  1.9215374  1.89527655 1.9138298  1.98844457 1.94956136
 1.93041968 1.91117024 2.13510323 2.02388978 2.05102658 1.95651913
 1.91651416 1.88359189 1.91254401 1.93729329 1.99648881 1.92180753
 2.28555536 1.91072989]
Mean:
1.9745554327964783
Std:
0.09501242007711692
Errors:
[2.42590213 2.48443317 2.43599582 2.35957313 2.42240191 2.38089919
 2.43040633 2.40697432 2.41858673 2.59857464 2.37478328 2.37247181
 2.33462977 2.38528514 2.35925317 2.4011209  2.34447837 2.34729338
 2.32731485 2.36174941]
Mean:
2.398606371879578
Std:
0.060191448935984486
Errors:
[2.83657289 3.03214002 2.86431956 2.88830161 2.89471102 2.88969493
 2.87050581 2.85996723 2.93510127 2.94919634 2.82934499 2.83520126
 2.92941046 2.82352328 2.86992073 2.92703271 2.79011869 2.86780214
 2.87043691 2.81102324]
Mean:
2.878716254234314
Std:
0.054559459826518275
Errors:
[3.29526114 3.41016388 3.35218239 3.38277459 3.35191226 3.71085215
 3.35355186 3.51389766 3.596946   3.39859438 3.38842058 3.43020511
 3.42480874 3.39480877 3.50374699 3.38529396 3.34229541 3.32662535
 3.41205502 3.41719484]
Mean:
3.419579553604126
Std:
0.09504580293226736
Errors:
[4.08335328 4.00748348 3.96819401 3.88915491 3.92134166 4.15149546
 4.17869711 4.18584204 4.34539413 3.89302874 3.93746686 4.07273316
 3.95434833 4.00502658 3.98562336 4.07452154 3.91326284 4.00458527
 4.1314702  4.16951585]
Mean:
4.043626940250396
Std:
0.11815627542417759
Errors:
[5.02479625 4.73481631 4.66698503 4.7679143  4.6695838  4.63923478
 4.90210557 4.59430408 4.85745525 4.7092607  4.66533256 4.52793217
 4.63725781 4.58710361 4.73954034 4.66808748 4.70340061 4.57110786
 4.70280838 4.75198436]
Mean:
4.706050562858581
Std:
0.11458553502683501
