Errors:
[1.56436539 1.59594464 1.42357516 1.66570401 1.44777966 1.47220826
 1.34167409 1.46141982 1.6322782  1.47507501 1.49109864 1.82191873
 1.5157876  1.64972878 1.52741623 1.35965967 1.56055212 1.70242047
 1.3555932  1.53849125]
Mean:
1.5301345467567444
Std:
0.1205114311275257
Errors:
[1.02618146 1.03578854 1.02657461 1.03338194 1.1370225  1.00349259
 0.99216676 1.10543728 1.15637231 0.95530605 1.07105231 0.949857
 1.03924465 1.15128851 1.01029468 1.05110288 1.00136423 1.02162337
 1.14939213 1.05001855]
Mean:
1.0483481168746949
Std:
0.060600957147506754
Errors:
[1.23049259 1.21831965 1.14287162 1.1731689  1.17627358 1.1704669
 1.20930028 1.16046762 1.16583514 1.14456797 1.11077881 1.20696878
 1.12605715 1.18642902 1.1658082  1.17588878 1.1329205  1.13429594
 1.21033263 1.14592218]
Mean:
1.1693583130836487
Std:
0.03244541157713425
Errors:
[1.39141774 1.41722107 1.47355962 1.38538718 1.42653322 1.38155413
 1.38157129 1.43348908 1.3753922  1.45808005 1.41779184 1.54840899
 1.39441156 1.47304296 1.4215138  1.40217614 1.45272279 1.68139935
 1.41867256 1.3693099 ]
Mean:
1.435182774066925
Std:
0.07041098868323924
Errors:
[1.63845611 1.74989891 1.66034627 1.75245285 1.70044303 1.76358008
 1.7141633  1.69266963 1.70090246 1.66804314 1.73284292 1.65698433
 1.74486351 1.65817499 1.70351744 1.74482465 1.60431886 1.75688195
 1.72588825 1.70025897]
Mean:
1.70347558259964
Std:
0.04327360043335369
Errors:
[1.92515516 2.10518694 2.00756073 2.1128304  2.06631994 2.02993202
 2.04459524 1.96654582 2.05633211 2.06608319 2.02810144 2.03403139
 2.19238067 2.09213471 2.09302855 2.06110525 2.05361843 2.06531572
 2.01514101 1.97140408]
Mean:
2.0493401408195497
Std:
0.0568904919936426
Errors:
[2.36542392 2.38863993 2.5200448  2.32920361 2.31712103 2.3634007
 2.42615747 2.43889403 2.41809916 2.41884398 2.47658634 2.53055334
 2.54105425 2.45391059 2.5001843  2.42106581 2.47735453 2.42975569
 2.44131112 2.34759212]
Mean:
2.4302598357200624
Std:
0.06365439158390929
Errors:
[2.90516949 2.96927404 2.8772409  2.90378022 2.86003685 2.84670377
 2.84503579 2.80280805 2.81842041 2.91809511 2.79635215 2.81989288
 2.79156566 2.77728367 2.8482511  2.86794829 2.80650234 2.8734982
 2.90492487 2.85546708]
Mean:
2.854412543773651
Std:
0.04838144764724519
Errors:
[3.46092772 3.24067307 3.21860981 3.17821693 3.1906209  3.41868663
 3.2996335  3.28599477 3.22369123 3.25870156 3.31934547 3.7746954
 3.20105481 3.44260597 3.37431026 3.22475076 3.23190379 3.22942472
 3.3116076  3.29245687]
Mean:
3.3088955879211426
Std:
0.13414471351675927
Errors:
[3.85746002 4.04516768 3.87991691 4.02948165 3.9358089  3.94263768
 3.87194681 3.91121936 4.03371572 3.8967433  3.88884664 3.81775689
 4.13273239 3.85734487 3.99986219 3.86803532 3.83417535 4.92295909
 4.03104997 3.92363024]
Mean:
3.9840245485305785
Std:
0.23055696279009527
