Errors:
[2.57047486 2.52152991 3.19080138 2.49615121 2.55018759 2.7563436
 2.62456489 2.51097965 2.95167828 2.55461717 2.73005199 2.86007428
 2.59773254 2.95756602 2.64882088 2.70868659 2.56820297 2.68167782
 2.5630219  2.89140081]
Mean:
2.696728217601776
Std:
0.18186453430509528
Errors:
[3.13248754 3.13904023 2.82662153 3.1938374  3.46541262 3.23843241
 3.49721122 3.27323771 2.92409682 2.89861679 2.95338058 3.11169028
 3.00033951 3.52754354 4.62501025 2.88866878 2.97360134 3.33827758
 3.04474545 3.18610406]
Mean:
3.211917781829834
Std:
0.3818036592786644
Errors:
[3.6762383  3.33592153 3.25304699 3.76046586 3.35020685 3.43175554
 3.4308908  4.5294354  3.56393099 3.67830372 3.56039333 3.52389169
 3.24053741 3.31396651 3.82171035 3.9022696  3.45044184 3.69175649
 4.04847264 3.40002084]
Mean:
3.5981828331947328
Std:
0.3035630938612719
Errors:
[3.91567349 4.7312398  5.10667896 4.10321856 3.9712646  4.10227871
 4.19142556 4.14044285 3.89060307 4.10089779 4.68326998 4.41587877
 4.06519914 4.08640909 4.1793201  4.17326283 3.9419167  4.02206755
 6.18486214 4.44902301]
Mean:
4.322746634483337
Std:
0.5232839043027844
Errors:
[6.11124015 4.95015335 5.05916381 5.00885963 5.82308865 4.73395658
 6.8669064  4.67143798 4.65016747 5.1730752  5.95137811 5.01573157
 5.12440419 5.57543969 5.29372215 4.77566862 4.65152645 4.95037842
 5.33414459 4.96154928]
Mean:
5.234099614620209
Std:
0.5596583541818103
