Errors:
[0.155545   0.15425706 0.15721345 0.15431571 0.15570688 0.15415931
 0.15581203 0.15416503 0.15399384 0.15630364 0.1559236  0.1787343
 0.15686655 0.15685654 0.15510345 0.15479875 0.1563592  0.15495133
 0.27602768 0.15237904]
Mean:
0.1624736189842224
Std:
0.026572506800772503
Errors:
[0.19768023 0.37291312 0.20005655 0.20175862 0.19872975 0.19651151
 0.20422196 0.20340323 0.20458698 0.20441628 0.2021172  0.21087003
 0.20071006 0.2120502  0.19997001 0.25601578 0.19969988 0.22057533
 0.20068574 0.1996727 ]
Mean:
0.21433225870132447
Std:
0.03854414210894973
Errors:
[0.25191665 0.25668406 0.27143574 0.25197506 0.25154781 0.28089571
 0.25220942 0.25621033 0.24874234 0.29247975 0.25747347 0.28685546
 0.25222516 0.25784731 0.2512033  0.25290918 0.25164843 0.25208354
 0.25336719 0.25786924]
Mean:
0.2593789577484131
Std:
0.012509772916183087
Errors:
[0.31525421 0.39949036 0.32213497 0.3135345  0.31770205 0.3155241
 0.35012865 0.32298875 0.55876112 0.32302499 0.35574436 0.33861446
 0.32461166 0.34364772 0.34799004 0.32956648 0.33393002 0.33079553
 0.32278061 0.32689238]
Mean:
0.34465584754943845
Std:
0.05274126171587027
Errors:
[0.40951848 0.41111946 0.41799855 0.39769626 0.41511774 0.40036154
 0.41903114 0.40111995 0.40017462 0.40591407 0.39448786 0.39614272
 0.41928554 0.42596722 0.40581989 0.40733624 0.41720605 0.43845463
 0.41730309 0.42406702]
Mean:
0.4112061023712158
Std:
0.011161750253014432
Errors:
[0.5157783  0.51313519 0.50977278 0.50017619 0.61164665 0.55008316
 0.52382278 0.62512732 0.53460526 0.49979639 0.51127982 0.49638748
 0.6130712  0.52589297 0.52362156 0.50319839 0.55909753 0.52391863
 0.60425854 0.53798079]
Mean:
0.53913254737854
Std:
0.04051306731471571
Errors:
[0.77928901 0.61631441 0.64276266 0.64131999 0.77064443 0.62569857
 0.62442374 0.62454224 0.90113974 0.63399959 0.62061262 0.62908435
 0.62172985 0.66566658 0.62726951 0.70818114 0.62954187 0.67292571
 0.61932921 0.62671971]
Mean:
0.6640597462654114
Std:
0.0715799752725697
Errors:
[0.78483796 0.90630555 0.87428832 0.81830597 0.7913034  0.81633949
 0.88903975 0.8311739  0.84996152 0.7976985  0.79201579 0.78038573
 0.82481337 0.79993224 0.77185869 0.77736139 0.81188726 0.80123258
 0.87753081 0.75657082]
Mean:
0.8176421523094177
Std:
0.04081189894908278
Errors:
[1.04845977 1.05473089 1.23143005 1.21354008 0.98608422 1.02440095
 0.99936295 1.01735973 0.98168874 1.08061481 1.13183022 0.97787642
 1.01763225 1.07854486 0.99964809 1.00259709 0.98681331 1.00854969
 1.16867638 1.07817888]
Mean:
1.0544009685516358
Std:
0.07496831932789931
Errors:
[1.75117183 1.33559346 1.40271235 1.50174427 1.37966132 1.28982282
 1.3687892  1.33458996 1.69042802 1.27818656 1.31094337 1.37735128
 1.48168445 1.26803374 1.31119156 1.37065053 1.30427122 1.48264694
 1.66466713 1.35769486]
Mean:
1.413091742992401
Std:
0.13793226485458293
