Errors:
[6.84300351 6.70206642 6.73326898 6.61547112 6.66965485 7.11642122
 6.59041667 6.60438132 7.17117858 6.69260359 6.79829597 6.56730795
 6.58537292 6.64072204 6.94113326 6.6295166  6.69011378 6.60326099
 6.88278794 6.55600739]
Mean:
6.731649255752563
Std:
0.17275021597508222
Errors:
[7.54050446 7.37731695 7.11818647 7.24506855 7.29564071 7.15139604
 7.34418154 7.29247618 7.40386891 7.24175549 7.36632109 7.30349255
 7.23476648 7.73479891 7.54069901 7.27065921 7.50291348 7.49147272
 7.61903954 7.43883395]
Mean:
7.375669610500336
Std:
0.15477046109496478
Errors:
[7.7771225  7.84442782 7.77515316 7.95115781 8.1515584  7.71056008
 7.94708705 7.76614857 7.80958962 8.09636116 8.53339148 8.01253939
 8.80110216 8.34753633 7.82912946 7.76827478 7.85295343 8.35394001
 7.75987983 7.72435904]
Mean:
7.990613603591919
Std:
0.29542046131778293
Errors:
[ 8.85127378  9.25103068  8.49705863  9.18089604  8.74077797  8.96678829
  8.74096584  8.52371073 10.64125443  8.70306849  8.40602231  8.44913292
  8.44172621  8.66292906  8.84160519  8.58942485  9.09405804  8.70636082
  8.81352997  8.89754868]
Mean:
8.849958145618439
Std:
0.47329913214450653
Errors:
[ 9.73687339 10.2644093   9.62604308 10.48465014  9.71514058 10.07001543
 10.03167105  9.70466352  9.39712405  9.48191953  9.73155141  9.47200155
  9.62619472  9.47099471  9.76605439  9.58419251 12.00703168  9.94482231
  9.76514935 10.01061463]
Mean:
9.894555866718292
Std:
0.5559760466101199
