Errors:
[3.19981837 3.15962291 2.88807535 3.60320401 3.96746731 3.61334634
 3.00406075 3.26477933 3.01935697 2.95730567 2.99588776 3.08022594
 3.07469869 3.0063529  2.95553255 4.0921979  3.11492062 3.17883992
 2.8954134  3.24415851]
Mean:
3.215763258934021
Std:
0.33300986082210815
Errors:
[4.25548077 3.45779681 3.49291563 3.27186346 3.30798364 4.22714925
 3.23557544 3.34360361 4.7699852  3.58080506 3.39828181 3.40732861
 3.23451376 3.57765126 3.23286462 3.50517058 3.65723729 3.22968507
 5.13954306 3.45680976]
Mean:
3.6391122341156006
Std:
0.5230472585993668
Errors:
[3.83042121 3.64553452 3.91801167 3.72875261 4.43114233 4.16201305
 4.42256212 3.68719745 3.82886457 5.62083101 4.56847668 4.21327591
 4.5041554  3.9548738  3.79779768 3.69080544 3.66752672 4.48065829
 3.90722585 3.78521109]
Mean:
4.092266869544983
Std:
0.467280094795603
Errors:
[6.12859869 4.29094815 4.52089977 4.42657924 4.53539157 4.76883006
 4.38150454 4.82017922 4.9169929  4.24891281 4.38946152 4.47956944
 4.7347672  4.97673917 4.23639822 4.60341382 5.45288253 4.35757995
 4.15899301 4.81118417]
Mean:
4.6619912981987
Std:
0.45390794162729114
Errors:
[5.34337592 5.29242635 5.38718367 5.20792031 5.56671047 5.08490348
 5.79846668 6.09328675 6.80492377 8.82551169 6.8072412  5.66967106
 5.80765176 6.14896154 7.05292749 5.382056   5.00291705 5.03110266
 5.10829902 7.24621892]
Mean:
5.93308779001236
Std:
0.9524354516898081
