Errors:
[0.15507746 0.15583491 0.16094255 0.15354323 0.1608212  0.15956926
 0.1545186  0.15509295 0.15757608 0.15396237 0.15408468 0.15538192
 0.20201588 0.15454912 0.15345359 0.15424323 0.15481067 0.15601945
 0.15565658 0.1594162 ]
Mean:
0.15832849740982055
Std:
0.010283316183647521
Errors:
[0.49454498 0.20651627 0.20091963 0.20384884 0.22696495 0.20080328
 0.20800638 0.20469809 0.20255637 0.20321131 0.2030623  0.568151
 0.22831178 0.20055437 0.78092122 0.21188688 0.20526361 0.20170355
 0.20485997 0.19867134]
Mean:
0.2677728056907654
Std:
0.1532637813010732
Errors:
[0.43754888 0.25938702 0.26619577 0.26309347 0.25718784 0.25948501
 0.27505374 0.26661468 0.25536489 0.25873995 0.25975299 0.26094747
 0.26451826 0.26432514 0.27443719 0.32285738 0.26405168 0.26657343
 0.25869155 0.26156616]
Mean:
0.2748196244239807
Std:
0.03983997934537888
Errors:
[0.33565927 0.33631682 0.33847189 0.3274188  0.3482306  0.34098172
 0.35604286 0.33640599 0.32916141 0.33066678 0.33057165 0.33982301
 0.34012604 0.32897687 0.34869194 0.33893371 0.33079529 0.39299631
 0.33348346 0.35484672]
Mean:
0.34093005657196046
Std:
0.014426838623535393
Errors:
[0.42553425 0.42103863 0.42048025 0.44474435 0.42872    0.4520731
 0.43051267 0.41853094 0.42026639 0.42203331 0.43949175 0.4226675
 0.43751884 0.43437648 0.54338861 0.42351151 0.44176984 0.43565679
 0.45448327 0.54513526]
Mean:
0.4430966854095459
Std:
0.03528554174669055
Errors:
[0.55159974 0.52352667 0.53927183 0.56953526 0.53602576 0.59297752
 0.78761077 0.5635879  0.53888273 0.5706706  0.54919076 0.54560184
 0.51831388 0.61986041 0.52857518 0.52883458 0.54407144 0.5956192
 0.53530502 0.53465056]
Mean:
0.5636855840682984
Std:
0.05747618006112874
Errors:
[0.68260932 0.78638387 0.69132113 0.71145773 0.66859651 0.68516183
 0.69611835 0.76344705 0.69813442 0.69044781 0.74182415 0.6945715
 0.67174459 0.7049911  0.69550681 0.70936251 0.67665625 0.69622374
 0.67927003 0.72944379]
Mean:
0.7036636233329773
Std:
0.029673347166360612
Errors:
[0.84011769 0.88231349 1.02668691 0.84092855 0.93602276 0.91792917
 0.9202652  0.86172462 0.83166242 0.8417933  0.93329763 0.88545156
 0.87937093 0.87679601 0.90469766 0.89619994 0.83052754 0.86973882
 0.85129547 0.88991976]
Mean:
0.8858369708061218
Std:
0.04556066958917072
Errors:
[1.10307693 1.03896642 1.11428714 1.11279178 1.17227888 1.20962262
 1.12402654 1.30343509 1.08919573 1.25118113 1.04171062 1.1063261
 1.20972371 1.09843993 1.19135475 1.05035543 1.10505056 1.0785625
 1.08103132 1.25282884]
Mean:
1.1367123007774353
Std:
0.0740994594396328
Errors:
[1.46217418 1.47791219 1.42456007 1.38300133 1.42546725 1.56075859
 1.53055382 1.44304442 1.45260477 1.65426826 1.51310062 1.43447375
 1.57016492 1.60821128 1.45865202 1.47404027 1.53954363 1.59436035
 1.45491409 1.36838126]
Mean:
1.4915093541145326
Std:
0.07504379114829055
