Errors:
[13.47324324 15.17652869 13.70841026 14.3841784  13.01206899 12.80464983
 13.5390892  14.07074213 13.45824027 13.08522248 13.38494611 13.39520645
 13.04701829 12.91639423 13.4159472  13.40306544 13.90149093 13.59299612
 12.88844657 13.11124921]
Mean:
13.48845670223236
Std:
0.5539895962645612
Errors:
[15.19796705 14.50388408 15.13427973 14.57884932 14.79622746 14.71835899
 15.14077187 15.20892596 14.39495873 14.40301156 14.68942451 15.12591481
 14.58986545 15.39301872 15.30028653 15.04053402 14.56646419 14.42879415
 14.40368581 14.80051684]
Mean:
14.820786988735199
Std:
0.330270417613943
Errors:
[16.19495249 16.29003692 15.97527671 16.4769206  17.55417132 16.52462196
 16.96351528 16.21312642 16.88516021 16.29932928 16.12873197 16.92955112
 15.52156806 16.00893569 16.17308354 16.20273328 15.69847107 15.71040654
 16.34297705 15.74834371]
Mean:
16.29209566116333
Std:
0.4856842524354374
Errors:
[17.05992484 17.64771008 17.58326697 17.59690285 18.47493005 17.08449125
 21.45457387 17.91501737 17.98557973 17.66674781 19.08436322 17.3322835
 17.81792426 17.14930272 17.09311843 18.0262835  17.40921187 18.27381516
 17.79466796 17.40550613]
Mean:
17.89278107881546
Std:
0.9552907581102662
Errors:
[19.74368691 19.18953323 20.22653484 19.37323952 19.18830514 19.48043036
 19.87679505 20.10296345 18.86550951 19.15770125 19.4763391  19.09112597
 19.99833703 19.85447049 20.24019456 19.96178412 19.67886567 20.1442132
 20.64184618 19.60470271]
Mean:
19.69482891559601
Std:
0.45431206413103264
