Errors:
[1.15579915 1.14453483 1.1392014  1.13652706 1.19498467 1.15742159
 1.14224195 1.1413393  1.14098692 1.13882017 1.13998699 1.13805985
 1.14351916 1.13944077 1.15808272 1.58555603 1.13723922 1.15725207
 1.14437628 1.1384151 ]
Mean:
1.1686892628669738
Std:
0.09652666867881739
Errors:
[1.42511535 1.42575717 1.42829299 1.42067981 1.42939901 1.43189573
 1.44267321 1.4327631  1.54551768 1.42332911 1.41788888 1.43060327
 1.42295241 1.42678213 1.41870236 1.42284775 1.42281699 1.42386007
 1.42410183 1.43815112]
Mean:
1.4327064990997314
Std:
0.026573064690764786
Errors:
[1.71466279 1.73419309 1.70202851 1.73184466 1.72298479 1.73197412
 1.72212958 1.72792697 1.7260108  1.72818279 1.7649498  1.73318672
 1.72452664 1.72916102 1.72769928 1.72554255 1.72498703 1.73735619
 1.72473383 1.7314961 ]
Mean:
1.7282788634300232
Std:
0.011212986595632444
Errors:
[2.15932775 2.18413734 2.11402988 2.12024021 2.12048006 2.13464069
 2.1588273  2.15810871 2.12621164 2.19412661 2.27518129 2.14554954
 2.10026717 2.10891628 2.14451098 2.09728551 2.11771011 2.58308935
 2.13406301 2.1698339 ]
Mean:
2.167326867580414
Std:
0.10322505359483618
Errors:
[2.62324357 2.62632751 2.68982649 2.62530828 2.65452719 2.6214335
 2.63794804 2.58444333 2.62521052 2.64322805 2.61681437 2.64080644
 2.65593171 2.63453221 2.60086465 2.61079621 2.64377666 2.64949298
 2.64036512 2.6226213 ]
Mean:
2.632374906539917
Std:
0.02178527675174845
Errors:
[3.14617062 3.12584066 3.16812062 3.21784353 3.12775373 3.17944646
 3.1618917  3.13010645 3.20809937 3.12728119 3.22781277 3.12887526
 3.16398335 3.19737053 3.13140893 3.1257658  3.13496041 3.19840765
 3.27908969 3.16085458]
Mean:
3.1670541644096373
Std:
0.041670344471119086
Errors:
[3.78754663 3.76094413 3.77848411 3.71939445 3.93537188 3.76170754
 3.75297499 3.77564144 3.85301876 3.80801702 3.76337171 3.75260973
 3.90924001 4.67282343 3.77539015 3.76353431 4.09424281 3.75680256
 3.75441575 3.73115325]
Mean:
3.845334231853485
Std:
0.2082724445452884
Errors:
[4.46522951 4.40052652 4.45933294 4.39452457 4.50722265 4.41276288
 4.47106218 4.37080193 4.44073772 6.40276098 4.47940564 4.35501909
 4.42074513 4.40265656 4.3793714  4.51242781 4.50364566 4.38020682
 4.42268324 4.43795347]
Mean:
4.53095383644104
Std:
0.4318576824890857
Errors:
[5.10095048 5.13647366 5.06295562 5.08635378 5.06073451 5.05348754
 5.13140321 5.06449509 5.47405624 5.03561687 5.17712831 5.05691528
 5.21575689 5.09703779 5.07517171 5.09562659 5.06271386 5.08659625
 5.1484375  5.17466378]
Mean:
5.119828748703003
Std:
0.09390985608197884
Errors:
[5.90167046 5.80458808 5.8533926  5.95688081 5.85416222 5.91784215
 5.80901337 6.07580447 5.84981227 5.89641309 5.94600368 5.80088139
 5.91276836 5.89062977 5.88551116 5.87478518 5.78392363 6.24980998
 5.99984169 5.7176187 ]
Mean:
5.899067652225495
Std:
0.11196938089125164
