Errors:
[0.1729486  0.16839719 0.16950488 0.16733718 0.16868401 0.1671803
 0.16889739 0.16871929 0.16782069 0.32240152 0.16885996 0.17720366
 0.67831635 0.22134709 0.1683352  0.17060637 0.18280268 0.17030311
 0.16960478 0.17229795]
Mean:
0.2060784101486206
Std:
0.11368308736183612
Errors:
[0.24485421 0.24686551 0.24228382 0.23620009 0.2362051  0.23538685
 0.24801803 0.26676893 0.23679614 0.23660994 0.23614955 0.24026632
 0.23829079 0.24294019 0.29179859 0.23631501 0.2822001  0.24083829
 0.23873281 0.24127555]
Mean:
0.24593979120254517
Std:
0.015380109771942688
Errors:
[0.37114835 0.34635568 0.32776856 0.33417726 0.35059166 0.32856965
 0.33205605 0.34847379 0.34088349 0.33063149 0.32557273 0.33240938
 0.33797789 0.33419418 0.34059644 0.33430624 0.32842994 0.33332825
 0.33561587 0.33147097]
Mean:
0.3372278928756714
Std:
0.010279616798636216
Errors:
[0.46599412 0.46271229 0.46323562 0.45952821 0.71096134 0.46547341
 0.46151376 0.47298241 0.45486641 0.4574554  0.47646475 0.45695162
 0.45306563 0.4565146  0.51811934 0.45988822 0.45697737 0.45655632
 0.4626708  0.46337843]
Mean:
0.476765501499176
Std:
0.05541009804342973
Errors:
[0.63998103 0.63016462 0.64351821 0.62552571 0.62709475 0.63268065
 0.64401913 0.63579607 0.62992334 0.65084267 0.63268518 0.83669925
 0.64276075 0.6312201  0.64209723 0.63179326 0.64862323 0.64788175
 0.63979483 0.63660121]
Mean:
0.6474851489067077
Std:
0.04399985770464594
Errors:
[0.79158568 0.78881454 0.81159711 0.80705619 0.88978624 0.82803702
 0.84400654 0.81464791 0.79555988 0.8047359  0.80487037 0.79116654
 0.84070039 0.77948952 0.81122208 0.85498667 0.78671622 0.7882781
 0.79627132 0.7922554 ]
Mean:
0.8110891819000244
Std:
0.027090484552425832
Errors:
[1.0660491  1.01577067 1.00423574 1.03396559 1.00706744 1.01922345
 1.02409768 1.04983115 1.00112367 1.02604532 1.00595665 1.0675118
 1.01570058 1.00004315 0.99260211 1.01955438 1.0082829  1.02834296
 1.07944107 1.02842021]
Mean:
1.0246632814407348
Std:
0.023502833130148882
Errors:
[1.27019143 1.45584464 1.32221675 1.41921258 1.29474163 1.29016948
 1.28365588 1.28806496 1.26068807 1.28425431 1.44232368 1.27006578
 1.2721684  1.29344368 1.39133739 1.26512241 1.27517581 1.27554655
 1.60970283 1.38258958]
Mean:
1.3323257923126222
Std:
0.08854070721404188
Errors:
[1.66584587 1.61927056 1.67517447 1.79772615 1.79795384 1.63640594
 1.72653341 1.68425798 1.75805092 1.74011135 1.67632484 1.71855807
 1.70282173 1.63767672 1.70669603 1.62570834 1.6813817  1.91953135
 1.81007886 1.62746239]
Mean:
1.7103785276412964
Std:
0.07468161399156904
Errors:
[2.28007841 2.34776926 2.218014   2.68244243 2.84268904 2.12992001
 2.18092608 2.12651062 2.56104445 2.15616989 2.12031317 2.12917113
 2.52288413 2.19217539 2.16050768 2.12597609 2.25371647 2.11123633
 2.17003441 2.1839025 ]
Mean:
2.2747740745544434
Std:
0.20495635485950733
