Errors:
[0.44099641 0.51249099 0.5074265  0.50913119 0.44029832 0.50574017
 0.43717265 0.51123738 0.44164515 0.47394943 0.44606924 0.49440002
 0.49050021 0.51695323 0.52806902 0.47717595 0.4421947  0.44722676
 0.45754576 0.51804161]
Mean:
0.47991323471069336
Std:
0.031891859884371154
Errors:
[0.69110465 0.59870458 0.67418647 0.67420864 0.6875174  0.68041587
 0.64710879 0.67214108 0.674891   0.54354858 0.55661035 0.6815238
 0.68445182 0.89905381 0.67565775 0.6798079  0.72251892 0.70097566
 0.58137202 0.67713785]
Mean:
0.6701468467712403
Std:
0.0706885392260964
Errors:
[0.89875174 0.88248897 0.88525438 0.87903118 0.87752843 0.69541836
 0.74982524 0.76451468 0.88689947 0.77397585 0.88920259 0.87940979
 0.9036994  0.85139275 0.99705982 0.91112089 0.92733669 0.882514
 0.83640051 0.82444143]
Mean:
0.8598133087158203
Std:
0.0675482041284771
Errors:
[1.16558719 0.99360514 0.9688499  1.14621925 1.16360927 1.15103817
 1.14017773 1.15361261 1.00715327 0.90530729 1.17208862 1.02832365
 1.05892086 1.16047931 0.97457194 1.15274191 1.15752959 1.15085721
 0.99155259 0.91588759]
Mean:
1.0779056549072266
Std:
0.0918172149653209
Errors:
[1.5180192  1.36716342 1.49064326 1.39920068 1.49762297 1.5022862
 1.34199548 1.50162244 1.20911241 1.28446269 1.47993684 1.49434662
 1.50852084 1.20990801 1.4909904  1.38979244 1.52348876 1.78522301
 1.47757936 1.47927976]
Mean:
1.4475597381591796
Std:
0.12429657667730483
Errors:
[1.79584956 1.65678287 1.80321932 1.81158757 1.80879974 1.51088023
 1.80532503 1.54163265 1.68028951 1.79993367 1.81389666 1.62703228
 1.80655789 1.61196089 1.79294896 1.57214499 1.85619855 1.80264449
 1.74481153 1.53807044]
Mean:
1.7190283417701722
Std:
0.1110458384053049
Errors:
[2.22121215 2.35524774 1.91124558 2.25595284 2.01498532 3.04836988
 2.2387383  1.98651457 2.08862329 2.23420477 2.06537175 2.24159551
 2.22883105 2.1638763  2.27862883 2.21861959 1.8953774  2.08351254
 2.43093133 2.27307796]
Mean:
2.211745834350586
Std:
0.2362699599756188
Errors:
[2.8140974  2.46563959 2.78519511 2.18139744 2.74077606 2.71403551
 2.27776742 2.74020958 2.42349291 2.33893609 2.12416553 2.57947874
 2.51763058 2.14766741 2.53544855 2.58507109 2.71971059 2.76117325
 2.75523067 2.43322659]
Mean:
2.532017505168915
Std:
0.22039092857753514
Errors:
[3.16485    3.03707314 2.92642713 2.9976182  3.41940689 3.12728238
 3.18659687 2.90020776 2.98362899 2.82583213 3.36301684 3.41594076
 3.0123117  3.04299808 3.18217373 2.83409381 3.41987586 2.97755957
 2.71224046 3.46589684]
Mean:
3.099751555919647
Std:
0.21755558284520196
Errors:
[4.50349975 4.31255341 3.87686157 3.54410148 3.76959372 4.08976102
 4.14152336 3.55454159 3.72620749 3.55155373 3.96840692 3.9894855
 4.23880076 4.56661487 4.21593142 3.6803174  3.7423563  4.19924784
 4.24016547 4.25726843]
Mean:
4.008439600467682
Std:
0.3071166618977463
