Errors:
[2.37918997 2.41268659 2.06376195 2.81898904 1.848979   2.19356942
 1.88936615 2.30562925 2.08539581 2.38931441 1.95992208 1.92418671
 2.05048108 1.89804006 1.83383536 2.01046634 2.21344352 1.99960017
 1.89083552 2.53002691]
Mean:
2.1348859667778015
Std:
0.2584787335770991
Errors:
[2.16485357 2.25747371 2.37648511 2.20658731 3.02941608 5.51020741
 2.39390063 2.36677623 2.69982147 2.30957603 2.9573102  2.45484233
 2.36146641 2.31420493 2.63004351 2.44792533 2.15228462 2.41339421
 2.30016565 2.54273963]
Mean:
2.594473719596863
Std:
0.7069470378210763
Errors:
[2.82624841 2.74215651 2.59470081 3.05264926 2.7206986  2.44127941
 2.75249863 2.67175579 2.8685472  2.61504912 2.53509879 2.45220709
 2.67965603 2.94848537 2.62004733 2.88636398 2.74257255 3.04994655
 2.63549447 3.0079124 ]
Mean:
2.7421684145927427
Std:
0.17878307323926798
Errors:
[3.55636692 3.20227265 3.69752216 5.10979509 3.87722731 3.42345023
 3.0857408  3.50035119 3.12973642 3.05685353 3.03197074 3.66353846
 3.62655807 3.24658036 3.24019694 3.48626232 3.37710762 3.5362134
 3.16261816 3.48779058]
Mean:
3.474907648563385
Std:
0.44085355250672614
Errors:
[4.46090031 3.67326331 4.34306431 4.09708333 3.59997129 3.67214823
 4.01851702 4.42164755 3.84640741 4.28752494 3.98329496 4.47645998
 3.65736222 4.03603578 3.98594284 4.02279043 4.55411386 3.77998638
 3.87309575 4.94912481]
Mean:
4.086936736106873
Std:
0.3511513245093421
