Errors:
[1.97462749 3.2929337  1.92817855 2.03847671 1.78909278 1.79548001
 2.19034314 2.55567718 2.13295484 1.83561921 1.80177808 1.96621013
 1.87426877 1.82767057 1.8714025  1.80391741 2.03780794 1.8164885
 1.91753197 2.12027073]
Mean:
2.0285365104675295
Std:
0.3417591617372707
Errors:
[2.41509819 2.22064734 2.23348308 2.14014077 2.36480093 2.513973
 2.22686887 3.07342935 2.36272001 2.33104634 2.49134421 2.29189873
 2.13367534 2.19283223 2.48983455 2.12824965 2.1363101  2.24589872
 2.1530242  2.83017755]
Mean:
2.348772656917572
Std:
0.23813281141120404
Errors:
[ 2.69067502  2.57250357  2.94975066  2.28604269  2.49167752  2.59124374
  2.68319058  2.57094574  2.72936463  3.0733819  14.58079147  2.52215409
  2.58326554  2.5762217   2.6705122   2.54152369  2.55302429  2.30997562
  2.34342694  2.53192139]
Mean:
3.192579650878906
Std:
2.618956922747009
Errors:
[2.95371532 3.32016182 3.02176356 2.89177752 3.7615006  3.06837416
 2.81116724 2.72856736 2.94006228 3.27594757 5.51337957 3.00616431
 2.88358665 3.23769045 2.86456823 3.13715887 3.03339219 8.09772825
 3.7301805  2.86458254]
Mean:
3.457073450088501
Std:
1.2181114061600713
Errors:
[3.28197527 5.0336957  4.04222131 3.36309552 4.02665687 3.5456686
 3.75128651 3.70781136 3.35044241 4.29891801 4.26993513 3.33683729
 4.39241695 4.16922832 3.321316   3.41748762 4.39351439 3.89513373
 3.57504559 3.39983392]
Mean:
3.828626024723053
Std:
0.47284355234317726
