Errors:
[0.17411637 0.22429132 0.16379738 0.17049217 0.16549158 0.16321969
 0.16354728 0.1627202  0.16392946 0.16326475 0.16342449 0.1667304
 0.16495728 0.16171312 0.16430807 0.1680994  0.16333103 0.41020465
 0.16574883 0.16620636]
Mean:
0.18047969341278075
Std:
0.05431810290061936
Errors:
[0.26131773 0.2466836  0.25183511 0.24640679 0.63416052 0.25210214
 0.25615549 0.24660158 0.25071502 0.32690835 0.24514484 0.2500596
 0.24854374 0.25221109 0.25232339 0.24834061 0.25407434 0.25216246
 1.3081522  0.24663329]
Mean:
0.3265265941619873
Std:
0.24045113519624928
Errors:
[0.40124702 0.38979721 0.39457297 0.39175272 0.39805222 0.3963275
 0.39986515 0.40640759 0.43508959 0.4260273  0.40365529 0.42113996
 0.39691758 0.41021943 0.4047327  0.4862566  0.40685773 0.40306449
 0.40125275 0.44444323]
Mean:
0.4108839511871338
Std:
0.022215935742567656
Errors:
[0.64516521 0.69875479 0.63704205 0.66570139 0.67215085 0.64803576
 0.64205432 0.64599299 0.64319205 0.65174413 0.65662789 0.64443254
 0.64090776 0.6509037  0.64007878 0.64241815 0.6330719  0.64381051
 0.65570235 0.64074922]
Mean:
0.6499268174171448
Std:
0.014482969808093035
Errors:
[1.01138091 1.01996374 1.06236815 1.01660705 1.08713579 1.01898813
 1.01861262 1.02338386 1.01767921 1.02632642 1.05017519 1.03529978
 1.01799417 1.03807974 1.02560759 1.05386209 1.06057692 1.04439855
 1.05690551 1.04454231]
Mean:
1.0364943861961364
Std:
0.019832195227951273
Errors:
[1.52937341 1.53028631 1.55535936 1.57447386 1.53818989 1.50932455
 1.52534747 1.56978059 1.49924636 1.52863503 1.53444386 1.55415416
 1.4975841  1.5042758  1.51586246 1.53515148 1.52968478 1.55158257
 1.53519797 1.60524631]
Mean:
1.5361600160598754
Std:
0.026082518321214235
Errors:
[2.22904134 2.21933532 2.24648595 2.22780442 2.20547223 2.21698666
 2.27964258 2.22338629 2.30246782 2.23251104 2.30882406 2.3074286
 2.26912785 2.22920704 2.25055361 2.21809626 2.20627522 2.18583798
 2.23164105 2.21585274]
Mean:
2.240298902988434
Std:
0.03451598491372163
Errors:
[3.1465261  3.25331497 3.439821   3.17367387 3.26748633 3.19763756
 3.26974869 3.21299696 3.19059777 3.26327515 3.19327211 3.20271277
 3.27800775 3.24692202 3.1549468  3.17817831 3.17906141 3.26061916
 3.20973516 3.33649015]
Mean:
3.232751202583313
Std:
0.0670168480618042
Errors:
[4.6725142  4.58033252 4.54230857 4.53658533 4.72552156 4.50578737
 4.59483123 4.54325151 4.62981534 4.48432207 4.42074156 4.58287525
 4.59768414 4.48345661 4.64599943 4.54973292 4.6360786  4.50381875
 4.591434   4.65233636]
Mean:
4.573971366882324
Std:
0.07266926396849235
Errors:
[6.278404   6.41277122 6.43089819 6.34512091 6.47034717 6.42082691
 6.07648063 6.20394087 6.12155104 6.38783884 6.19932532 6.19168663
 6.17175484 6.18369484 6.04986    6.50285125 6.46980238 6.23372793
 6.31839728 6.26806641]
Mean:
6.286867332458496
Std:
0.13442702051365707
