Errors:
[4.66644788 5.178967   4.72895646 4.74159122 4.88301611 4.67699218
 4.95332766 4.55898142 4.74341702 4.81459022 4.67098546 4.77590704
 4.74130845 4.69931698 4.63267589 4.59998584 4.69065571 5.16942596
 4.64868903 4.84850311]
Mean:
4.771187031269074
Std:
0.16322268672220458
Errors:
[5.52801967 4.99402857 5.34413171 5.15876842 5.27282357 5.23662281
 5.10694528 5.28735566 5.36689878 5.19983411 5.32169366 5.38975954
 5.40296626 5.01524878 5.38344193 5.27711463 5.57230854 5.32665396
 5.68121481 5.25374722]
Mean:
5.305978894233704
Std:
0.16635952249622754
Errors:
[5.98051715 5.65640712 6.95736241 5.71686602 6.07336402 5.71933913
 5.93874693 5.72841406 5.96967411 5.71592927 5.69784355 5.96814609
 6.10166025 5.77131534 5.76333261 5.63836694 5.63540483 6.40036941
 5.97487211 5.58148241]
Mean:
5.899470686912537
Std:
0.3136118802005833
Errors:
[6.75728059 6.44331336 6.60891986 6.47302914 6.69212127 6.43090391
 6.29715371 6.45365787 6.56372619 7.42262459 7.70949101 6.27304244
 6.78616476 6.97700834 6.45184493 7.37974334 6.51495862 6.40392923
 6.58801389 6.30359602]
Mean:
6.676526153087616
Std:
0.39082548864565225
Errors:
[7.17238379 7.91407132 7.81386876 7.38386464 7.51589179 7.43089724
 7.8551898  7.40979552 7.27244592 7.54797387 8.10083032 7.38874698
 8.75206995 7.41833448 8.02459574 7.14464426 7.52927518 7.39727926
 7.62515974 7.71857142]
Mean:
7.620794498920441
Std:
0.3685388110652802
