Errors:
[4.38822699 4.16422081 7.6712265  4.22736835 4.39441228 5.39543796
 4.40310621 4.53078461 5.03685594 4.6148715  3.97483063 4.80160117
 4.35164475 4.8347137  4.6475606  4.77179694 4.14505148 4.44550109
 4.46003413 5.12044668]
Mean:
4.718984615802765
Std:
0.7594021084527056
Errors:
[6.43664312 5.77215767 5.12651539 6.61134386 8.88527274 5.02554917
 5.03622556 4.95674181 4.63279915 4.98363256 4.89120936 5.18674707
 4.86501813 6.63574219 5.85702753 5.51158047 4.76365614 5.38001132
 4.97965407 5.0569272 ]
Mean:
5.529722726345062
Std:
0.9704504794572141
Errors:
[6.38141608 6.39545155 5.86920881 5.7344718  5.50651503 5.38969731
 5.38207531 5.72733974 6.24108052 5.45886612 6.28142452 6.27205515
 5.58361959 5.59739304 6.03951907 6.82962584 5.1135819  5.55292988
 5.58959937 8.7938993 ]
Mean:
5.986988496780396
Std:
0.7729046848554991
Errors:
[ 8.76407242  7.12078834  7.14363909  6.47302985  6.87573338  7.0929029
  6.43449926  7.19678497  6.2558763   6.20124388  7.12663078  6.56183696
  6.32183814 10.31680655  6.37891722  6.90953588  7.56710505  7.43449473
  6.3848722   8.0071795 ]
Mean:
7.128389370441437
Std:
0.9652916655892193
Errors:
[ 7.40713406  7.3460393   8.29025006  8.09251547  7.83254886  7.17856574
  8.72041368 10.50136924  6.89291263  8.22575593  7.23820424  8.33784938
  7.72752595  8.75649333  7.47643924  7.88168025  7.80503058  7.80058169
  9.3787663   8.43022418]
Mean:
8.066015005111694
Std:
0.816487301000722
