Errors:
[0.40092278 0.39613748 0.39934826 0.39656067 0.39744687 0.40323234
 0.39924383 0.40765643 0.39465952 0.39773488 0.40084982 0.54764152
 0.39725828 0.40010262 0.39806986 0.39998913 0.3968873  0.40165949
 0.39473629 0.40075064]
Mean:
0.4065443992614746
Std:
0.032505351247565636
Errors:
[0.46747804 0.46067262 0.46152472 0.46335912 0.93211246 0.46840119
 0.46673703 0.45633221 0.45826292 0.46013212 0.46055722 0.46445894
 0.49160933 0.45728469 0.45738602 0.49562716 0.45897436 0.46544576
 0.45681    0.46964931]
Mean:
0.4886407613754272
Std:
0.10225545962237143
Errors:
[0.53162122 0.5291574  0.52605391 0.52567124 0.5407629  0.52869844
 0.53328705 0.75643992 0.52842569 0.55512023 0.53066421 0.54741359
 0.52911735 0.53098559 0.53200579 0.5252459  0.53059244 0.52490568
 0.52638435 0.52854085]
Mean:
0.5430546879768372
Std:
0.04951746528373906
Errors:
[0.61786103 0.60983801 0.6200583  0.61515498 0.70661998 0.62654114
 0.64716983 0.63593578 0.6298728  0.61440158 0.61314535 0.65599179
 0.64561772 0.61735082 0.62206984 0.6380055  0.61815643 0.6747396
 0.62220407 0.61073494]
Mean:
0.6320734739303588
Std:
0.023777509078115645
Errors:
[0.7574811  0.72384357 0.72799587 0.74722862 0.73051691 0.73354483
 0.72631383 0.73838425 0.7296102  0.74377704 0.74257016 0.73005581
 0.74524045 0.73165059 0.73595214 0.74155068 0.76870322 0.73084593
 0.74344802 0.72890091]
Mean:
0.7378807067871094
Std:
0.010911198259080325
Errors:
[0.94271946 0.89511585 0.88700652 0.89885592 0.86869383 0.87463617
 0.87305236 0.88588405 0.87566495 0.91973948 0.87761354 0.88682342
 0.88247967 0.86914587 0.89415979 0.87925911 0.93260741 0.87802243
 0.89676094 0.91234541]
Mean:
0.8915293097496033
Std:
0.020275277228887542
Errors:
[1.07831073 1.04135585 1.04789948 1.12804103 1.04006386 1.02855802
 1.10771394 1.0595963  1.05063486 1.12469959 1.08802581 1.05468011
 1.05423689 1.05270171 1.11566067 1.0440228  1.0238862  1.03124094
 1.04287601 1.04473662]
Mean:
1.0629470705986024
Std:
0.0317276369840532
Errors:
[1.25978994 1.26660585 1.28787422 2.53592205 1.33444405 1.24421906
 1.26903152 1.2614789  1.32158637 1.27093267 1.27081108 1.2907021
 1.60630512 1.32128477 1.2713902  1.24280834 1.24861932 1.3202908
 1.22922897 1.27169204]
Mean:
1.3562508702278138
Std:
0.28136419070537916
Errors:
[1.63031268 1.63723111 1.61410189 1.66297579 1.75521898 1.62537408
 1.71339464 1.60857892 1.61518908 1.7838068  1.62656665 1.70619464
 1.7166853  1.66110992 1.62084985 1.6136651  1.74284816 1.59108639
 1.61629534 1.72268367]
Mean:
1.6632084488868712
Std:
0.0565704533775629
Errors:
[2.06292176 2.06509829 2.03207302 2.01649761 2.00273061 1.93650556
 1.92353058 1.94727278 1.97922516 1.99722648 1.98949885 2.66464639
 2.16513038 1.97333312 1.95260668 2.0055182  2.05092192 2.12651134
 1.95957971 1.98676896]
Mean:
2.0418798685073853
Std:
0.15492791743710518
