Errors:
[2.95307422 1.90998507 2.28007007 2.34887314 1.98314404 2.20804787
 1.9657414  2.68151069 2.15916896 2.07279682 2.15717316 2.1630969
 2.061059   2.00127673 1.96650648 2.33419991 2.19452524 2.06085896
 2.24675989 2.05321908]
Mean:
2.190054380893707
Std:
0.24567620666619375
Errors:
[2.30029178 2.832901   2.71755934 2.60216975 2.63514757 2.98845387
 2.7887764  2.53257799 2.87445283 2.56392336 2.73063207 2.81239796
 2.57293487 2.36499524 3.17009664 2.51628208 2.40407538 3.1032598
 2.31271434 2.75284863]
Mean:
2.678824543952942
Std:
0.239820287582172
Errors:
[2.63111949 2.83430386 2.66030836 3.22316575 2.74121308 2.84804869
 4.45190811 2.65072608 5.2051053  2.93859148 2.97073126 2.85626888
 2.77190948 2.84844208 2.79457855 2.7827425  2.85765386 3.00513911
 2.77727199 3.18351603]
Mean:
3.0516371965408324
Std:
0.6225442567436792
Errors:
[3.35169244 3.24608779 3.26581693 3.42067623 3.94650149 3.08903313
 3.15329504 3.25991917 3.17494321 3.31878257 3.68036056 3.673316
 3.09664893 3.99627495 3.28055763 3.6601913  3.02185702 4.36072755
 3.48666239 4.43548441]
Mean:
3.495941436290741
Std:
0.4013739100263401
Errors:
[4.13534212 3.76657224 4.46456242 4.63911867 3.73996663 3.88948655
 4.12750125 4.00078201 3.80824256 3.85181141 3.69063711 4.27657485
 6.58259892 4.86421728 4.12488484 3.95396161 5.29561734 3.8423686
 4.72529221 3.83246708]
Mean:
4.28060028553009
Std:
0.6760686571835351
