Errors:
[0.43943739 0.44268751 0.44601035 0.4386344  0.43699265 0.49944758
 0.43859577 0.44452906 0.43964672 0.43361235 0.4329803  0.45422482
 0.45881939 0.43808675 0.44864178 0.44579601 0.43784404 0.44587898
 0.44121218 0.44051504]
Mean:
0.4451796531677246
Std:
0.013917783589102645
Errors:
[0.53359056 0.67119956 0.65921164 0.56420612 0.66064978 0.65740466
 0.66417027 0.69790959 0.66267061 0.66543269 0.66032171 0.6546464
 0.65881515 0.66475773 0.66046429 0.65620017 0.55560112 0.65762806
 0.66090488 0.66350985]
Mean:
0.646464741230011
Std:
0.041292543565652616
Errors:
[0.65862679 0.67236996 0.70803404 0.64437985 1.1675725  0.67649364
 0.75414681 0.68200994 0.67586112 0.67430377 2.00381565 0.65469456
 0.701689   0.67139173 0.69177008 0.68616056 0.6650877  0.67862415
 0.68442488 0.65477419]
Mean:
0.7703115463256835
Std:
0.3031061088886441
Errors:
[0.88615131 0.85182953 0.83333898 0.90383101 0.8040607  0.86135554
 0.85655475 0.84989834 0.88058162 0.83213329 0.86078143 0.81931162
 0.79639101 0.87789536 0.87855816 0.8338449  0.86976027 0.88053298
 0.82937098 0.82721305]
Mean:
0.8516697406768798
Std:
0.028302692178075725
Errors:
[1.17076206 1.08879757 1.18855476 1.08463597 1.22639489 1.05271697
 1.12208509 1.05947065 1.05826759 1.43997765 1.07073283 1.03437257
 1.11072659 1.12430668 1.06055403 1.06490779 1.04473519 1.05652976
 1.19136596 1.07048702]
Mean:
1.116019082069397
Std:
0.09180580970561354
Errors:
[1.34713793 1.21820068 1.67016745 1.33401966 1.37419724 1.40182209
 1.36994767 1.42478824 1.40606356 1.40396881 1.39439344 1.42353606
 1.44714212 1.2732358  1.28833151 1.35519814 1.41240239 1.360605
 1.52134514 1.37485337]
Mean:
1.3900678157806396
Std:
0.09051857804787236
Errors:
[1.620296   1.86595106 1.64055133 1.63703036 1.67685199 1.71873975
 1.65727639 1.66373205 1.69454384 1.90002418 1.86495185 1.76962566
 1.72071147 1.58957553 1.7901926  2.03252697 2.20409584 1.5977931
 1.72116828 1.82475972]
Mean:
1.7595198988914489
Std:
0.15142106372893155
Errors:
[2.4237206  2.32846069 2.15897608 2.29533052 2.42819023 2.21650481
 2.14366984 2.24887395 2.11967802 2.18773079 2.10120201 2.35606837
 2.20967889 2.09846759 2.35120273 2.00208998 2.23064399 2.16261315
 2.13386965 2.47593212]
Mean:
2.23364520072937
Std:
0.1242157703274308
Errors:
[2.69120717 2.73414159 2.84014273 2.82060957 3.42845941 2.98648524
 3.37421107 2.70787406 3.03694844 2.76774907 3.39392376 3.21422982
 2.8164804  2.68647313 2.85016394 2.67418933 2.92585635 2.67826056
 2.86994958 2.85410166]
Mean:
2.9175728440284727
Std:
0.24095506360199268
Errors:
[3.41067314 3.75432014 3.18932319 3.57313466 3.80414581 3.68955588
 3.76200867 3.54097486 3.52951741 3.49085045 3.51074719 3.18981743
 3.57894111 3.6549139  4.30942011 3.62173486 3.72023058 3.4358511
 3.43871093 3.44983768]
Mean:
3.5827354550361634
Std:
0.23374884878795987
