Errors:
[6.77194905 6.83735657 6.82107949 6.78187585 6.89697194 6.78968334
 6.92717195 6.94703937 7.04732084 6.78611541 7.34016037 7.01268101
 6.72953558 6.66413164 7.25231433 6.56629825 6.76367116 6.79881644
 7.13217402 6.54583216]
Mean:
6.870608937740326
Std:
0.2009732700070367
Errors:
[7.37373662 7.35991764 7.47671223 8.06528163 7.47631478 7.38903522
 7.64268208 7.42660356 7.49360156 7.52261424 7.43722057 7.37684155
 7.45260859 7.44163537 7.96771002 7.25223684 7.54446006 7.53696704
 7.33144641 7.85576057]
Mean:
7.5211693286895756
Std:
0.20604369756014998
Errors:
[8.74973321 7.96489716 8.26661801 8.4686029  7.82994604 8.24497008
 8.14563346 8.04405975 8.27983046 8.60133648 7.96005654 8.55010986
 9.76565456 8.27116489 8.12636209 7.93001175 8.10187674 7.99622512
 7.8937366  8.5735898 ]
Mean:
8.28822077512741
Std:
0.4249358853872642
Errors:
[8.76195812 8.80808282 8.99680018 9.17995882 8.67074966 8.84990191
 9.10208416 9.05518293 8.93149471 9.52197433 8.68166971 9.77217031
 9.50215983 9.63430309 8.647192   9.14243555 8.94980884 8.72185254
 8.68536377 9.41985345]
Mean:
9.051749837398528
Std:
0.34248268836354984
Errors:
[11.33421206 10.12334037  9.63787723  9.88083172  9.95870423  9.8005445
  9.88721585 10.25896716 14.51348162  9.88361239  9.64578319 10.48206735
 10.90189815  9.99645042  9.61918855  9.7481451  10.06924176 10.07526088
  9.77552366  9.57973027]
Mean:
10.258603823184966
Std:
1.0659901236401508
