Errors:
[1.92190385 2.01448584 1.85710335 1.73896217 2.33174205 2.06740522
 1.86707807 1.82562733 1.94850612 2.00019407 1.773875   1.82011771
 1.77487636 1.8247416  2.15237617 1.84003687 2.0285182  1.72029543
 2.09407783 1.8077817 ]
Mean:
1.920485246181488
Std:
0.1536682417226165
Errors:
[2.14989972 2.1557467  2.21068239 3.11011958 2.32061839 2.21725965
 2.20158172 2.11457491 2.48165965 2.09837484 2.42975187 2.54545212
 2.35004973 2.68602324 2.23320436 2.12129855 3.22047424 2.16507411
 2.21619511 2.26403427]
Mean:
2.3646037578582764
Std:
0.307239475002171
Errors:
[2.39143848 2.68709278 2.50248146 2.55260491 2.38196826 2.7597394
 2.46798396 2.38238883 2.66911912 2.78172493 2.94755411 2.93184471
 2.93898773 3.51312971 2.60761046 2.43401814 2.44783258 2.54525042
 2.34393978 2.48297429]
Mean:
2.63848420381546
Std:
0.27581813102192765
Errors:
[2.83219218 3.01847124 3.19958377 2.93529463 4.16384602 2.87907767
 5.12257314 3.63797116 3.90007591 3.00426221 3.67050576 2.86162806
 3.69475865 2.89275646 3.10124278 5.70440054 2.9166429  3.15464163
 4.3492043  3.42438293]
Mean:
3.523175597190857
Std:
0.7748602768816124
Errors:
[ 3.98469949  5.66718292  3.4345758   4.72845531  3.48816466  5.10948372
  3.64946699  3.60942173  4.00245905 10.24184823  4.39781332  5.61203265
  3.73128819  3.71649361  4.33045602  3.67942357  3.98928857  4.93602729
  3.45284343  3.83445549]
Mean:
4.479794001579284
Std:
1.4845802914681205
