Errors:
[0.40059996 0.43059087 0.43494844 0.41030407 0.40506411 0.40004277
 0.40336728 0.40282702 0.40941167 0.4025383  0.40516162 0.42109013
 0.4002583  0.40159416 0.39883232 0.39795256 0.39941835 0.40087652
 0.40027761 0.40181804]
Mean:
0.40634870529174805
Std:
0.0102021956944344
Errors:
[0.51465535 0.47359014 0.46395254 0.47031379 0.46446562 0.47624755
 0.46676993 0.46229124 0.47313118 0.47004867 0.46408582 0.46627021
 0.46362495 0.46311593 0.49137568 0.48865747 0.46335816 0.46687508
 0.5993824  0.47332859]
Mean:
0.478777015209198
Std:
0.030330654457771184
Errors:
[0.601161   0.69811106 0.53329921 0.53295565 0.53710866 0.59281421
 0.53582144 0.65845609 0.53993726 0.53660798 0.53444004 0.54161644
 0.54153442 0.54185653 1.37442446 0.5424993  0.53896928 0.53911471
 0.54577374 0.53967166]
Mean:
0.6003086566925049
Std:
0.18293375453160443
Errors:
[0.6396091  0.63663673 0.63267875 0.6371429  0.63298535 0.63528275
 0.6305275  0.66311765 0.6379683  0.65482903 0.63562632 0.63526821
 0.62786698 0.63493204 0.62983751 0.63562489 0.67269754 0.63803101
 0.63148785 0.63218451]
Mean:
0.638716745376587
Std:
0.011187735990711161
Errors:
[0.77504158 0.74371099 0.74342847 0.75204372 0.75933051 0.75522304
 0.7768321  0.74896646 0.76058865 0.84925032 0.7440393  0.80116844
 0.7460525  0.75769019 0.80272508 0.7935853  0.76132798 0.75534177
 0.74623895 0.78053308]
Mean:
0.7676559209823608
Std:
0.02625721019131291
Errors:
[0.93439841 0.8938067  0.89661789 0.89528584 0.90914488 0.88394356
 0.91249967 0.98634577 0.94493008 0.9490869  0.8968513  0.91093826
 0.90171933 0.98607802 0.91679406 0.88975954 0.90240359 0.95867777
 0.91977382 0.90089679]
Mean:
0.9194976091384888
Std:
0.02983551366208085
Errors:
[1.11461115 1.0882864  1.04971886 1.07731223 1.06624436 1.07135415
 1.13660407 1.08983493 1.06594467 1.06926036 1.07355499 1.08819604
 1.06597304 1.10975718 1.1713419  1.08125854 1.06832552 1.07457566
 1.04217911 1.07160044]
Mean:
1.0837966799736023
Std:
0.02913988103871875
Errors:
[1.31296062 1.38777351 1.34539437 1.34843373 1.38215566 1.36566615
 1.40956569 1.36697173 1.36802578 1.48234224 1.39095855 1.29765511
 1.3477025  1.38418221 1.64251351 1.31429052 1.29529691 1.61324406
 1.3286438  1.31975365]
Mean:
1.3851765155792237
Std:
0.09141143342439116
Errors:
[1.68566871 1.93494582 1.71584392 1.74940944 1.87754464 1.63020444
 1.69161868 1.755023   1.6905508  1.72073531 1.66839814 1.65217233
 1.75055528 1.69293094 1.69192481 1.77550459 1.8119185  1.74866152
 1.75380921 1.79072237]
Mean:
1.7394071221351624
Std:
0.07236268234101469
Errors:
[2.20349908 2.46440625 2.00798273 2.02789617 2.24759674 2.00033212
 2.00190902 2.12707615 1.97500753 1.97760272 2.02640891 2.05692363
 2.2019031  2.04957628 1.99418783 1.9716866  2.83606029 2.0485568
 2.02294374 2.12526488]
Mean:
2.118341028690338
Std:
0.20272957257047253
