Errors:
[2.95048547 3.07342291 2.91251636 3.2905376  3.20698023 3.00883198
 2.98069406 3.75557017 2.97864962 2.95177817 2.97140551 2.98048568
 2.99454784 3.15380573 2.94622922 3.09647322 3.00037146 2.95662665
 3.1006763  3.08659077]
Mean:
3.0698339462280275
Std:
0.1838381526434311
Errors:
[3.42622423 3.35709381 3.54035711 4.78382468 3.22531939 3.1821804
 3.85017538 3.20336437 3.18338227 3.27048516 3.41858697 3.3327198
 3.4134686  3.31701684 3.30208755 3.44101596 3.38199282 3.4410007
 3.25059652 3.4208405 ]
Mean:
3.437086653709412
Std:
0.3420994373690301
Errors:
[4.62460804 3.8543663  4.1151669  4.54809332 3.68084598 4.68390322
 3.6663475  3.71898246 3.63597536 3.88821125 4.8132143  4.4929266
 3.66961908 9.09334016 3.92738223 3.81372714 4.09840012 3.66663527
 3.80659008 4.05506086]
Mean:
4.292669808864593
Std:
1.1634769967357668
Errors:
[4.33907342 4.56511617 4.29000068 4.26025271 4.61064243 4.92486525
 5.21560097 4.23655915 7.16081905 4.71380305 4.73789597 4.90812635
 4.34338331 5.02224827 4.1994381  5.13251877 4.3759613  4.31704211
 4.46016383 4.30695057]
Mean:
4.706023073196411
Std:
0.6434780084267557
Errors:
[5.09135985 6.621418   7.22503376 5.52800846 6.98747706 5.53532267
 5.2697444  4.97587514 5.36295033 4.9561131  5.18251705 5.17965508
 4.84117341 5.1888392  5.32627535 5.45694876 5.87423968 5.6976831
 4.89778447 5.174577  ]
Mean:
5.518649792671203
Std:
0.6581911440100847
