Errors:
[0.19260001 0.16184354 0.1586957  0.23715281 0.15677834 0.16384411
 0.15775061 0.16020775 0.15633368 0.15599084 0.15798521 0.15921235
 0.15889168 0.15848541 0.15793562 0.15837479 0.16021752 0.15803528
 0.16000342 0.15602112]
Mean:
0.16431798934936523
Std:
0.018360467503616706
Errors:
[0.20766187 0.20897269 0.20740771 0.21271157 0.20794892 0.20578122
 0.20836377 0.22921586 0.20494556 0.20714879 0.20837402 0.21198678
 0.27326918 0.21143603 0.21203589 0.20556664 0.20396161 0.2070992
 0.20464706 0.20643091]
Mean:
0.21224826574325562
Std:
0.014947942453442092
Errors:
[0.2659328  0.25998831 0.25908947 0.26777029 0.25842786 0.27120543
 0.31895375 0.25815201 0.28279161 0.28385234 0.25929379 0.26440811
 0.2577281  0.27317214 0.27078938 0.26101017 0.25959206 0.26928568
 0.26396799 0.26609015]
Mean:
0.2685750722885132
Std:
0.013741189546128964
Errors:
[0.381567   0.33014393 0.33552289 0.33922148 0.33702302 0.3475883
 0.34695458 0.33352566 0.33696818 0.34482551 0.33691406 0.35468817
 0.33448625 0.33253026 0.51327896 0.33925581 0.34053993 0.34098959
 0.34585023 0.33279419]
Mean:
0.3502333998680115
Std:
0.03896498432640269
Errors:
[0.42274833 0.43100691 0.42543125 0.42622018 0.42357969 0.43653512
 0.4127748  0.45810151 0.4173584  0.42407632 0.44141412 0.45123172
 0.458359   0.41875434 0.41382313 0.42088199 0.46694231 0.41787839
 0.43340254 0.41290641]
Mean:
0.43067132234573363
Std:
0.015995326511448034
Errors:
[0.5478797  0.51979661 0.54355979 0.57109618 0.53319168 0.51726723
 0.56881261 0.52912712 0.52646732 0.57618499 0.53651309 0.5234561
 0.53725004 0.54531479 0.53727102 0.55106473 0.53290319 0.54238629
 0.54145861 0.62495041]
Mean:
0.5452975749969482
Std:
0.024102834504110084
Errors:
[0.67368174 0.68321776 0.65417027 0.68446159 0.66450334 0.68726301
 0.71902871 0.68620682 0.6818037  0.75656128 0.67377472 0.71197844
 0.66197348 0.66799164 0.69245911 0.66057181 0.65496707 0.65212369
 0.79416466 0.66135192]
Mean:
0.6861127376556396
Std:
0.03504130433525285
Errors:
[0.88951921 0.89632988 0.83114338 0.87402415 0.85012245 0.84033418
 0.84249091 0.86077166 1.11148286 0.84728646 0.97372937 0.93663239
 0.81631374 0.85579371 0.89502501 0.90539861 0.97073269 0.85077357
 0.85001683 0.84928417]
Mean:
0.8873602628707886
Std:
0.0667187722218578
Errors:
[1.13354969 1.06818938 1.12390304 1.11115384 1.12660503 1.052701
 1.17831278 1.10785532 1.18465447 1.11371398 1.07293057 1.20733285
 1.04819036 2.0544498  1.0762136  1.10062504 1.04886889 1.12243104
 1.15272927 1.060884  ]
Mean:
1.1572646975517273
Std:
0.21067134756609548
Errors:
[1.53305101 1.5217061  1.43796635 1.68179893 1.41841412 1.38325405
 1.44649529 3.16827822 1.75200343 1.56299877 1.42654419 1.52543616
 1.45230055 1.48860598 1.45444942 1.44849014 1.45219016 1.48451638
 1.55610752 1.34662223]
Mean:
1.5770614504814149
Std:
0.37655297600898896
