Errors:
[0.16051769 0.15910602 0.16449976 0.1596303  0.1607163  0.16216016
 0.16226816 0.16244197 0.16225958 0.16248918 0.16132617 0.15884113
 0.19098115 0.16536331 0.16026449 0.15983438 0.15909266 0.16110587
 0.16017461 0.16812253]
Mean:
0.1630597710609436
Std:
0.00678838933728495
Errors:
[0.21923852 0.2261045  0.21087813 0.21063423 0.2059648  0.22878027
 0.21694207 0.21420527 0.21361208 0.21047091 0.20877194 0.20780587
 0.21090078 0.24523354 0.2106266  0.21791458 0.25163794 0.21167731
 0.21378374 0.2063663 ]
Mean:
0.21707746982574463
Std:
0.01197458610488869
Errors:
[0.28308773 0.27317762 0.26288748 0.2661016  0.26848316 0.26666021
 0.27160215 0.2859087  0.27037597 0.29495335 0.26536131 0.27562785
 0.2713666  0.2760067  0.26794839 0.29507995 0.27939534 0.26739097
 0.28907108 0.27842855]
Mean:
0.2754457354545593
Std:
0.009487221550112964
Errors:
[0.35959387 0.35430455 0.34473467 0.35035443 0.35444856 0.34704494
 0.34483743 0.3770628  0.34043097 0.35213232 0.3496654  0.33500433
 0.34872198 0.35124445 0.34802794 0.34666896 0.35138965 0.37313247
 0.35861516 0.33965564]
Mean:
0.3513535261154175
Std:
0.009866306920922819
Errors:
[0.44419742 0.42953777 0.47026992 0.44128847 0.44728231 0.46358609
 0.43861794 0.45630908 0.45793223 0.44314718 0.42970681 0.46299195
 0.43667006 0.48493958 0.45152855 0.43843675 0.43731689 0.44738126
 0.44904184 0.45520353]
Mean:
0.44926928281784057
Std:
0.013620725756537794
Errors:
[0.57765985 0.55457115 0.54704165 0.56291819 0.56126761 0.56893897
 0.56988525 0.56983185 0.5439589  0.60886836 0.58068752 0.61115789
 0.54759526 0.55663681 0.594836   0.5608511  0.57688642 0.54502082
 0.59414077 0.90251517]
Mean:
0.5867634773254394
Std:
0.07500991856189337
Errors:
[0.7309382  0.70910215 0.71424055 0.7198565  0.69071269 0.72401381
 0.68680835 0.68936634 0.74041557 0.72801232 0.6989069  0.70834565
 0.68280792 0.73346686 0.69959712 0.7239418  0.68152308 0.69185638
 0.69796467 0.70065069]
Mean:
0.7076263785362243
Std:
0.017768059334311182
Errors:
[0.90339828 1.01759195 0.98255038 0.86403942 0.84159112 0.87530851
 0.87467527 0.84228754 1.23962688 0.90488005 0.87294769 1.02424407
 0.88885474 0.84474421 0.87140965 0.90436387 0.88021183 0.84777474
 0.8692565  0.90138078]
Mean:
0.9125568747520447
Std:
0.09121557440769136
Errors:
[1.06964397 1.14430046 1.12536311 1.17368722 1.22312784 1.08357739
 1.1665864  1.19444251 1.1106863  1.20259619 1.07219791 1.05728173
 1.22458267 1.03022003 1.38215137 1.12088013 1.09872937 1.23295283
 1.10877895 1.32264829]
Mean:
1.1572217345237732
Std:
0.08753705459286272
Errors:
[1.74284744 1.62766719 1.55970001 1.55230689 1.45908761 1.43796492
 1.52017474 1.58655024 1.56018281 1.64497972 1.66246367 1.60352111
 1.53252721 1.46611166 1.79822922 1.4951787  1.84154534 1.46481514
 1.6022284  1.42512083]
Mean:
1.5791601419448853
Std:
0.11325606037879374
