Errors:
[2.63392997 2.45433712 3.73869205 2.45094323 2.58447385 2.90693498
 2.48815775 2.89937019 2.82401752 2.86670995 2.5144217  2.50663853
 2.73547173 2.57424998 2.72254348 2.56317329 2.56257057 2.56296825
 3.11147761 2.56839681]
Mean:
2.713473927974701
Std:
0.2931201417849537
Errors:
[3.11976123 3.27976894 2.97053218 2.9114058  3.82165098 3.06379056
 3.19601464 3.08527017 2.91714048 2.99139547 4.69152236 2.99228787
 2.98872113 3.57474637 2.98473382 2.94525337 2.91673183 3.08163714
 3.36632943 3.60937119]
Mean:
3.2254032492637634
Std:
0.4201866954602381
Errors:
[3.6549108  3.83988023 3.474298   3.77564573 3.24668407 3.51144481
 3.39878416 3.873209   3.5142684  3.42696214 3.74584699 3.58287525
 3.94779277 3.4662149  3.73604894 4.25309443 3.41841149 3.61775088
 3.61555004 3.35358167]
Mean:
3.6226627349853517
Std:
0.23256752657835633
Errors:
[4.11752343 4.28980875 4.87198758 4.0483346  4.15897918 4.37337065
 3.96900749 4.00151396 4.10231328 4.09333634 3.9290781  4.24442768
 4.33985853 4.49607277 6.87783885 5.42933512 3.98354006 4.18465376
 4.25581861 3.98986769]
Mean:
4.387833321094513
Std:
0.6666432396869141
Errors:
[5.81497598 5.13129711 5.27324581 5.18378663 4.99948335 5.26694655
 5.00678968 4.78149724 5.21229362 5.90698743 5.03531289 4.92165065
 4.91240287 4.86376786 5.732692   4.86150503 4.74084425 4.92356801
 5.49310017 6.47740126]
Mean:
5.226977419853211
Std:
0.4378777201716245
