Errors:
[0.84324741 0.79194331 0.72220707 0.72670913 0.7045598  0.7439847
 0.73757315 0.70973253 0.72123003 0.69104862 0.73860121 0.7192173
 0.74773884 0.71661782 0.7566278  0.72552705 0.82458186 0.69709444
 0.69005084 0.78669834]
Mean:
0.7397495627403259
Std:
0.041224771764214185
Errors:
[0.92208791 0.94114542 0.91793633 0.9440639  0.94695449 0.93069196
 0.90279531 0.95509958 0.93136048 0.89386892 0.91041064 0.92266512
 0.93839836 0.91440129 0.92996764 0.91656303 0.88875604 1.25199533
 0.94543672 0.91957927]
Mean:
0.9412088871002198
Std:
0.07336333336130607
Errors:
[1.23891711 1.22483277 1.21364021 1.20525432 1.27875757 1.22045159
 1.23573041 1.26927543 1.28209352 1.25717592 1.30198669 1.30658102
 1.2559371  1.28492141 1.25283527 1.268749   1.26098275 1.30966163
 1.26880932 1.25620532]
Mean:
1.2596399188041687
Std:
0.029299658681137708
Errors:
[1.59695601 1.56253552 1.553895   1.55599165 1.53578424 1.53439784
 1.58238363 1.6366024  1.56574416 1.58713698 1.59108996 1.57947302
 1.62184596 1.59886336 1.58571219 1.57562017 1.57434559 1.55085301
 1.57924128 1.60294223]
Mean:
1.5785707116127015
Std:
0.02549335870643705
Errors:
[1.89102912 1.91573739 1.95627213 1.91760039 1.9393208  1.91609097
 1.93274307 1.93194866 1.88627791 1.91070914 1.92888427 1.88444877
 1.91037583 1.90091205 1.88760662 1.93473935 1.88105536 1.90247059
 1.84262061 1.8673172 ]
Mean:
1.9069080114364625
Std:
0.02675959685820084
Errors:
[2.40408945 2.23971391 2.27696538 2.2828455  2.29083681 2.27316761
 2.31211329 2.23313665 2.25906849 2.30830646 2.31522465 2.30599928
 2.29241753 2.33630133 2.3437109  2.28057241 2.26769853 2.26795435
 2.26677537 2.28852105]
Mean:
2.2922709465026854
Std:
0.0377504862906895
Errors:
[2.64099741 2.71706128 2.69809961 2.62523985 2.6582973  2.66421747
 2.70876098 2.65439343 2.71288872 2.6489954  2.6480813  2.67493677
 2.79475355 2.63773942 2.68421841 2.8511219  2.66354346 2.87508011
 2.64307594 2.64328551]
Mean:
2.6922393918037413
Std:
0.06848670490755472
Errors:
[3.11416936 3.1381712  3.06787062 3.04328728 3.07456565 3.07534337
 3.07585835 3.07718349 3.13768244 3.03499317 3.14678621 3.17744541
 3.08280349 3.05214882 3.02381778 3.14659119 3.04321098 3.16324377
 3.12618208 3.15884113]
Mean:
3.0980097889900207
Std:
0.04687779755376787
Errors:
[3.73013902 3.9115634  3.65012908 3.60915041 3.48342657 3.59217119
 3.53652143 3.58467245 3.81217337 3.49666834 3.66616154 3.8564775
 3.51805735 3.64519119 3.95975184 3.72162318 3.83271408 3.66564083
 3.84610033 3.55140662]
Mean:
3.683486986160278
Std:
0.14059389310103382
Errors:
[4.20507431 4.36892748 4.13642907 4.23522496 4.16247201 4.1855123
 4.38678813 4.28518486 4.07731128 4.18464708 4.20090842 4.27564526
 4.30412817 4.22315097 4.07046914 5.108989   4.09918284 4.38541937
 4.3724978  4.12462568]
Mean:
4.269629406929016
Std:
0.21633932820211943
