Errors:
[5.20391035 5.22935057 5.2836535  5.12391734 4.95883036 5.17281151
 5.15785551 5.30785942 4.98038435 4.90713668 4.75856376 4.79570675
 4.93423915 5.12248945 5.16606188 5.31445169 4.84397459 4.9242692
 5.3162148  5.05149579]
Mean:
5.077658832073212
Std:
0.17438110818576857
Errors:
[5.60258627 5.58072567 5.46433735 5.57317948 5.93876696 5.57103562
 5.44381285 5.50760531 6.62206864 5.46436954 6.43076301 5.51097512
 6.63454771 5.50328875 5.38901997 5.51065969 5.81928515 5.6169138
 5.53245711 5.97147846]
Mean:
5.73439382314682
Std:
0.38019601904509864
Errors:
[6.21023226 6.36259985 6.23022199 6.01935935 6.46578455 6.33100271
 7.04111791 6.56917715 7.01841664 6.0684104  6.57413483 6.37982464
 6.07116961 6.28051662 6.12490749 6.00373435 6.62566471 5.91992354
 6.24001074 6.48240185]
Mean:
6.350930559635162
Std:
0.300309922823741
Errors:
[7.12822509 6.77016163 7.08606672 7.12304378 8.32070637 8.04075289
 7.13666844 6.66287327 6.88930821 6.90750432 7.8556602  6.7137289
 7.57850266 8.33648586 7.12018132 6.84411955 7.00880218 6.81152487
 6.85983205 6.90965533]
Mean:
7.205190181732178
Std:
0.5131980233440263
Errors:
[ 7.30479932  7.48649287  7.61901188  7.61262035  7.80123448 12.31110573
  7.77586412  8.00419402  7.93899751  7.7889874   8.33257532  7.9831357
  8.29450631  8.22353196  7.79459238  7.3727839   9.38092089 13.01139569
  7.73357534  7.76308203]
Mean:
8.376670360565186
Std:
1.4959873797814343
