Errors:
[1.1554029  1.34723163 1.15156555 1.1473155  1.14466357 1.15055871
 1.14790297 1.15064001 1.15244579 1.14672399 1.14745951 1.1519897
 1.14720535 1.1513021  1.1453259  1.1451714  1.14529419 1.19248128
 1.14656329 1.15347147]
Mean:
1.1610357403755187
Std:
0.04385742231138112
Errors:
[1.43655968 1.43160963 1.44780397 1.7165513  1.47063446 1.42328238
 1.42521214 1.42117453 1.43922496 1.42862344 1.43463945 1.42380023
 1.42424083 1.42923093 1.42247987 1.42724752 1.53486419 1.68321061
 1.42275095 1.43156934]
Mean:
1.4637355208396912
Std:
0.08274104482758804
Errors:
[1.73574781 1.71340156 1.71447015 1.71568561 1.71585655 1.71845055
 1.74038434 1.72231388 1.7488246  1.75771856 1.72903943 1.7222836
 1.73410821 1.74200892 1.72874832 1.7463882  1.72284484 1.7450428
 1.73611975 1.82190299]
Mean:
1.735567033290863
Std:
0.023463374420403516
Errors:
[2.11050224 2.1308651  2.14868355 2.1889739  2.17168164 2.17894912
 2.12104726 2.15500879 2.13391185 2.13202786 2.11292481 2.2166276
 2.17345595 2.17098594 2.14085913 2.17426991 2.12820387 3.61398935
 2.10844326 2.12730408]
Mean:
2.221935760974884
Std:
0.3206371866206465
Errors:
[2.62402964 2.64043427 2.63323712 2.73782992 2.66318202 2.68200922
 2.62886381 2.64985299 2.6652987  2.6928854  2.66702795 2.63290834
 2.63746572 2.67623281 2.6453166  2.68557882 2.63972163 2.64267731
 2.59952235 2.67454338]
Mean:
2.6559309005737304
Std:
0.029833398395485596
Errors:
[3.19761252 3.17511415 3.23143029 3.13148141 3.21735811 3.19034767
 3.22025394 3.28498602 3.25971103 3.24699259 3.16696763 3.20999599
 3.31345129 3.18632412 3.25023293 3.21729875 3.22830296 3.3476882
 3.22626352 3.20303679]
Mean:
3.225242495536804
Std:
0.04886141316209577
Errors:
[3.69757295 3.70150423 3.77335501 3.69164753 3.70585036 3.72322607
 3.77373719 3.75826788 3.72015977 3.70473385 3.69149613 3.70522428
 3.68385172 3.8332386  3.73575187 3.7031486  3.69158435 3.71268058
 3.71103239 3.71367145]
Mean:
3.7215867400169373
Std:
0.03599666792550673
Errors:
[4.36736369 4.45746756 4.35222745 4.32601142 4.38579559 4.41456223
 4.32947159 4.33035469 4.43263245 4.37549305 4.39588356 4.44603181
 4.50797248 4.88840079 4.5365696  4.43053532 4.38769817 4.40028906
 4.4181881  4.34616399]
Mean:
4.426455628871918
Std:
0.11944112583963667
Errors:
[5.13288879 5.07200718 5.13597274 5.05115318 5.06845808 5.05613065
 5.16478205 5.04365301 5.1803782  5.03871965 5.05012059 5.06953049
 6.20683599 5.09101844 5.03231812 5.11507797 5.13657808 5.05406523
 5.0764904  5.07298946]
Mean:
5.142458415031433
Std:
0.2478022750951739
Errors:
[5.8643198  6.01286387 5.76418161 5.87918401 5.74556732 5.82637215
 5.80623746 5.79633021 6.0171361  5.95522141 5.9134829  5.84629798
 5.91275048 5.74835277 5.80278707 5.80058169 5.92117691 5.76855898
 5.81532812 5.77476549]
Mean:
5.8485748171806335
Std:
0.08115344238296388
