Errors:
[0.16953015 0.18142366 0.16852903 0.17132235 0.1685431  0.17056108
 0.17106056 0.1662128  0.16736984 0.16776896 0.16832685 0.2049036
 0.1686728  0.16742444 0.16809034 0.1675415  0.16558647 0.16827631
 0.16789532 0.16560984]
Mean:
0.1707324504852295
Std:
0.008482347213606816
Errors:
[0.2501893  0.25037217 0.24592924 0.27507758 0.25072217 0.2465589
 0.24380207 0.25277805 0.24899149 0.24789333 0.2475996  0.24966002
 0.25061512 0.25513482 0.31876087 0.24825191 0.24911189 0.2532115
 0.26279998 0.24458814]
Mean:
0.25460240840911863
Std:
0.016207872616250528
Errors:
[0.38126779 0.38285732 0.37420154 0.37472034 0.42779779 0.39834213
 0.44373679 0.38507843 0.39110041 0.42776155 0.39459944 0.42738581
 0.40680289 0.38682485 0.38476419 0.38146758 0.40600348 0.38153982
 0.39142776 0.37863326]
Mean:
0.3963156580924988
Std:
0.019900085882048724
Errors:
[0.661515   0.60510159 0.62966156 0.60121036 0.59399748 0.60702252
 0.59064412 0.59480882 0.59245777 0.6423955  0.59018993 0.59085989
 0.5999136  0.60719657 0.70143414 0.61355329 0.59319091 0.59747958
 0.59398532 0.61075711]
Mean:
0.6108687520027161
Std:
0.027651084641249612
Errors:
[0.90482736 0.93383002 0.94333792 0.95114541 0.95273519 0.91957021
 0.91622448 0.90523624 0.92296004 0.90768623 0.91274381 0.92904043
 0.92223096 0.92066932 0.90941596 0.93412781 0.90793467 0.90533519
 0.91643572 0.90824986]
Mean:
0.9211868405342102
Std:
0.01472279767846954
Errors:
[1.28454399 1.28910446 1.43079519 1.28612733 1.4234395  1.29278803
 1.31300139 1.31588697 1.35223031 1.2895093  1.29754019 1.30980921
 1.31915474 1.28783989 1.32817578 1.30371428 1.33145785 1.29428816
 1.32479692 1.32013583]
Mean:
1.3197169661521913
Std:
0.03993641798697103
Errors:
[1.90214443 1.92411709 1.93661785 1.87197161 2.22531056 1.90929985
 1.89489174 1.880831   1.84870052 1.85583782 1.85155559 1.8503406
 1.84493637 1.87542772 2.1355896  1.85047483 1.84206581 1.88217926
 1.89824724 1.85970426]
Mean:
1.9070121884346007
Std:
0.09600075271457875
Errors:
[2.59708667 2.61222267 2.67228365 2.62317348 2.61291385 2.70845342
 2.61030984 2.67379832 2.70607257 2.65974903 2.61819792 2.61236215
 2.6334939  2.61496711 2.63316536 2.6664958  2.54933691 2.64744735
 2.721946   2.61986756]
Mean:
2.6396671772003173
Std:
0.041344813946813684
Errors:
[3.65789461 3.56353307 3.80506587 3.69749475 3.52033591 3.66656756
 3.66730976 3.61993289 3.76361418 3.63894629 3.88281608 3.71893334
 3.67456794 3.63741827 3.89219046 3.72437048 3.79667091 3.62972951
 3.64188337 3.84109592]
Mean:
3.7020185589790344
Std:
0.09834980602636065
Errors:
[5.00969672 4.89376235 4.80607653 5.08968878 4.99671674 4.8542521
 5.03253508 5.4788959  5.0821476  4.83803868 5.01842833 5.01550198
 4.90870237 5.0099628  5.06405377 5.02503324 4.91717529 5.07630992
 5.23152471 5.1550951 ]
Mean:
5.025179898738861
Std:
0.1471510014926081
