Errors:
[4.32531977 4.89148259 4.22530651 4.19997549 4.34747767 4.35728383
 4.4872582  4.66152644 4.85503268 4.47670436 3.98717713 3.91508985
 3.93937349 4.86269712 4.79606652 4.61788869 5.7019496  4.04426122
 4.38867259 4.27349806]
Mean:
4.467702090740204
Std:
0.41191286166845376
Errors:
[5.21726441 5.03046799 5.02395439 5.82902479 5.37303019 4.66388988
 4.72525334 4.97931123 5.85705185 4.95000386 5.18881679 5.39022374
 5.12827063 5.64887333 5.5813005  5.96284318 4.62878346 5.00008845
 4.83267164 4.88377976]
Mean:
5.194745171070099
Std:
0.3944773995761372
Errors:
[5.40147519 5.06071091 6.16060805 6.28627563 5.37437177 5.94028974
 5.63289618 5.54456997 6.84023213 6.3074801  5.92403817 5.79403019
 5.93681192 6.02140903 6.73107815 5.81076932 6.15335751 5.78523183
 5.54980326 6.32538271]
Mean:
5.929041087627411
Std:
0.435106671663916
Errors:
[6.52989602 6.14328313 6.65201879 6.23805952 6.4773047  6.52055907
 6.76606464 6.82084203 6.0528276  7.34733272 6.06308532 6.47899318
 6.23250508 6.14165354 7.2165668  6.49541092 7.15872741 6.24943566
 6.72908926 6.41129827]
Mean:
6.536247682571411
Std:
0.3706773280822532
Errors:
[7.33406687 7.79452944 7.53711319 6.85577226 7.28063416 9.02378297
 6.93114495 7.36987686 7.40008235 8.49392295 7.75940704 8.13771915
 7.40886641 8.66961765 7.46601677 7.94144821 8.01796675 7.57887816
 7.18075061 7.99828267]
Mean:
7.708993971347809
Std:
0.5493899319497728
