Errors:
[0.16545129 0.16483784 0.16326118 0.16231465 0.17049432 0.16673493
 0.16445804 0.16428995 0.16979623 0.164536   0.16886115 0.1638875
 0.17689371 0.16552758 0.16694808 0.16350389 0.16754627 0.16493654
 0.1638155  0.16499853]
Mean:
0.16615465879440308
Std:
0.003262078612238531
Errors:
[0.23282266 0.23123837 0.23497057 0.24117017 0.25883698 0.23766017
 0.23336267 0.23785877 0.3272953  0.2384429  0.23244572 0.23016548
 0.23061013 0.23863196 0.23832512 0.23616838 0.23407173 1.45842981
 0.23181081 0.28902721]
Mean:
0.30466724634170533
Std:
0.26569607900309766
Errors:
[0.3252039  0.33767486 0.33711863 0.33881426 0.346946   0.32455254
 0.3323524  0.32320499 0.33497238 0.33187342 0.34650278 0.33741045
 0.4157865  0.34709382 0.32523847 0.33611846 0.43408561 0.33195615
 0.32500768 0.3509233 ]
Mean:
0.34414182901382445
Std:
0.028236910956523108
Errors:
[0.47005081 0.46007514 0.46028662 0.46083546 0.4741416  0.48227739
 0.459589   0.45673275 0.46290636 0.47159982 0.53455234 0.46241808
 0.47011662 0.45996547 0.47059512 0.48326564 0.46622539 0.46421838
 0.4714396  0.45449257]
Mean:
0.46978920698165894
Std:
0.016692639976402683
Errors:
[0.85265207 0.63275957 0.62672448 0.64765906 0.62953448 0.6440227
 0.94319654 0.65623546 0.64143229 0.61623597 0.63025784 0.6434803
 0.6270721  0.63136315 0.79259849 0.65434575 0.65672755 0.63273716
 0.64932775 0.63610911]
Mean:
0.6722235918045044
Std:
0.0842320610187217
Errors:
[0.80038881 0.88697672 0.78133273 0.78341508 0.81736755 0.81261516
 0.81604266 0.79169345 0.791049   0.78344154 0.80302978 0.80681777
 0.79367113 0.8013947  0.81467438 0.78377056 0.77657652 0.79647827
 0.80457401 0.78364301]
Mean:
0.8014476418495178
Std:
0.023145285535445703
Errors:
[1.07732081 1.00845909 1.02720046 1.01503754 1.00743318 1.01915646
 1.14256525 1.06816649 1.0048995  1.04862022 1.02806544 0.99822712
 1.06471109 1.03761172 1.03404164 2.62097859 1.00512385 1.00275874
 1.01349187 1.04112196]
Mean:
1.1132495522499084
Std:
0.34751394471892727
Errors:
[1.26083946 1.31438184 1.36905003 1.2730248  1.40759563 1.35184455
 1.29184389 1.30674958 1.32489181 1.31118464 1.34314036 1.30061269
 1.42059207 1.26168489 1.30832434 1.29086423 1.27234316 1.30392694
 1.36797261 1.35818887]
Mean:
1.3219528198242188
Std:
0.04445792485454462
Errors:
[1.70672679 1.73095012 1.71683002 1.74600196 1.69995999 1.61080027
 1.65449476 1.89424586 1.76596904 1.62430215 1.63927126 1.64725518
 1.78332996 1.6935606  1.69537449 1.66462326 1.69283867 1.74480963
 1.68290925 1.69408727]
Mean:
1.7044170260429383
Std:
0.06243706287156493
Errors:
[2.19047689 2.15288186 2.2378161  2.13445735 2.13016891 2.21070409
 2.13879585 3.52604008 2.16855145 2.18167853 2.22363687 2.41111159
 2.22298217 2.47466755 2.20443869 2.13956904 2.19181132 2.89480686
 2.12321424 2.10512471]
Mean:
2.303146708011627
Std:
0.33061953740710626
