Errors:
[ 9.80638242  9.6212182   9.79649448  9.56537199  9.94060445  9.60444188
  9.89195943  9.95608473  9.97690058  9.58884168  9.85593748  9.77171421
  9.66708541  9.67104197  9.85467505  9.88656044  9.59427047  9.67349911
 10.01545644  9.50423026]
Mean:
9.762138533592225
Std:
0.1526508463339443
Errors:
[10.61368823 11.03722334 10.73185778 10.91538525 10.86274481 11.0213685
 10.91194224 10.72341681 10.6279254  10.93772554 10.67886305 10.79465985
 10.67973304 10.8500514  10.85167551 10.75611687 11.20092988 10.95839953
 10.90243697 11.8576715 ]
Mean:
10.895690774917602
Std:
0.26429057447546056
Errors:
[12.24050164 11.7897234  11.79162002 11.6495533  11.70053029 11.72973132
 11.92306733 12.03384399 11.75033951 11.6932025  12.05467129 11.77050805
 11.98657632 11.78038406 11.73879623 12.04506755 11.80419111 11.76636028
 11.64330029 11.67871475]
Mean:
11.828534162044525
Std:
0.15878302670352737
Errors:
[13.22425461 13.13187194 13.56960034 13.27108526 12.99313164 13.14016342
 12.70994973 13.08180785 13.12675619 12.85971761 12.76724315 12.74286723
 12.7554276  12.86921668 13.00174737 13.12557411 13.45471978 14.74199176
 13.1081574  13.15828037]
Mean:
13.141678202152253
Std:
0.43020109820122493
Errors:
[14.27109575 14.18799281 14.27749467 14.87757134 14.61720157 14.98239064
 14.31189537 15.21023369 14.58553314 15.19629812 14.91672015 14.02114367
 14.87325144 16.90682054 15.22458243 14.6215899  14.5762434  14.60145187
 16.5803988  14.91510987]
Mean:
14.887750959396362
Std:
0.7072673798361409
