Errors:
[0.1818924  0.18389201 0.18732882 0.18451428 0.17872262 0.1774323
 0.18152833 0.17874432 0.17887878 0.26828742 0.17950106 0.17722082
 0.18043232 0.17763805 0.17614317 0.18053222 0.17968845 0.2171824
 0.17849803 0.181036  ]
Mean:
0.18645468950271607
Std:
0.020594265881057654
Errors:
[0.23856735 0.24083209 0.23361897 0.23506951 0.23745036 0.35952115
 0.23957968 0.23653245 0.23815322 0.2395277  0.24546862 0.23723102
 0.23833537 0.23321342 0.23619628 0.23622108 0.23772788 0.23887157
 0.23959446 0.23631358]
Mean:
0.2439012885093689
Std:
0.026651783752160665
Errors:
[0.30544209 0.29668903 0.30938363 0.31274247 0.29938769 0.29732084
 0.30292749 0.31130528 0.30940485 0.33244228 0.30942154 2.38489318
 0.29666972 0.5895009  0.29699707 0.3011148  0.3136034  0.30694342
 0.31772232 0.30214262]
Mean:
0.4248027324676514
Std:
0.45394459130095055
Errors:
[0.40779948 0.42207527 0.38838053 0.38241029 0.4108572  0.38333011
 0.44100809 0.38682342 0.38561225 0.38940573 0.38428283 0.39884186
 0.38274097 0.38271141 0.38483477 0.38541508 0.38277721 0.42501616
 0.38335061 0.38898444]
Mean:
0.3948328852653503
Std:
0.016789425408568304
Errors:
[0.51220274 0.50555468 0.5204463  0.51153278 0.49965429 0.50024915
 0.48443055 0.50024104 0.52941394 0.54239368 0.48776245 0.5132401
 0.54048228 0.56300211 0.49209929 0.49062562 0.51494837 0.48147631
 0.49842286 0.5083797 ]
Mean:
0.5098279118537903
Std:
0.020526615614854134
Errors:
[0.61737537 0.62103629 0.62486959 0.68962646 0.62840295 0.61733651
 0.64019608 0.6501615  0.64406896 0.69793844 0.62251329 0.61115789
 0.66505551 0.61568809 0.61821628 0.62955737 0.61913395 0.62067509
 0.61643982 0.63468909]
Mean:
0.6342069268226623
Std:
0.02382127953752837
Errors:
[0.77870059 0.81589198 0.8090384  0.87794423 0.7895112  0.78422928
 0.78720665 0.91433573 0.79226708 0.84008646 0.796139   0.79979515
 0.77590179 0.80474663 0.80190587 0.78329325 0.77236557 0.86299729
 0.78307939 0.78956938]
Mean:
0.807950246334076
Std:
0.03666690987169322
Errors:
[0.98589206 1.02982354 0.98237872 1.04789662 0.9535253  0.97750926
 1.00628376 0.96542978 0.96934628 0.98091936 1.00505066 1.02344537
 1.02186131 1.00665903 0.96036196 1.02150106 1.07272792 1.04798675
 0.99521756 1.02391243]
Mean:
1.0038864374160767
Std:
0.03155368549014134
Errors:
[1.35678172 1.23919916 1.25627017 1.33054018 1.40051055 1.42136455
 1.27723265 1.25722694 1.30239511 1.24778628 1.27083874 1.28712535
 1.24183059 1.376544   1.40924215 1.24878979 1.27591205 1.31046128
 1.36589813 1.30365157]
Mean:
1.3089800477027893
Std:
0.05827752573007276
Errors:
[1.7434144  1.78757429 1.55870628 1.65353537 2.1304121  1.69411111
 1.65398192 1.58863449 1.60998893 1.77954626 1.71133375 1.65611434
 1.66772604 1.67878509 1.69190431 1.94123745 1.68467355 2.57701373
 1.63807607 1.57725883]
Mean:
1.7512014150619506
Std:
0.22842713605492515
