Errors:
[7.16918087 6.96640277 6.72604179 6.86535621 6.98370457 6.84621477
 6.80257487 6.71015978 6.71267271 6.72774267 6.83613968 6.7464242
 7.02228379 6.76210499 6.67312336 6.95480728 6.73051238 6.85636616
 6.70943046 6.74896932]
Mean:
6.827510631084442
Std:
0.12831511538215057
Errors:
[7.50442004 7.47650456 8.09047365 7.44337392 7.44009304 7.99459004
 7.55813551 8.2559104  7.57243514 8.06495667 7.65480161 7.51666427
 7.88519788 8.00268173 9.15510607 7.57266331 7.76047945 7.55506468
 7.5705986  7.49507618]
Mean:
7.778461337089539
Std:
0.39968036495300807
Errors:
[8.28421593 8.51805425 8.33741403 8.08256316 8.25231647 8.63190675
 8.13865781 8.26461792 8.46597862 8.31089306 8.20462227 8.10630465
 8.61046124 8.32024908 8.31016588 8.15398526 9.23878336 8.48940492
 8.30918741 8.55295968]
Mean:
8.379137086868287
Std:
0.25344668620325495
Errors:
[12.76610351  9.39117408  9.21173096  9.53851318  9.89346504  9.78975201
  9.36911798  9.44156194  9.27842951  9.51255322  9.08158636  9.40766406
  9.08930659  9.33969998  9.20200753 13.6500411   9.10163188  9.14103246
  9.03737378  9.3597939 ]
Mean:
9.730126953125
Std:
1.1879413646114543
Errors:
[10.1003437  11.12693048 10.49687052 10.08384752 10.52781439 10.44509006
 10.16941071 10.02990985 10.87604666 11.21956539 10.24392366 10.88497758
 10.28517532 10.41351128 10.34037113 10.47678185 10.66204524 10.6532619
 11.24921346 10.37676692]
Mean:
10.533092880249024
Std:
0.36173148783339576
