Errors:
[8.49369383 8.55277705 8.19678783 8.46599388 8.3632741  8.51200247
 8.57071304 8.31417823 8.33554196 8.44093847 8.36299157 8.4313314
 8.93571258 9.17982483 8.41624928 8.41397882 8.33245087 8.40457559
 8.26810384 8.6165185 ]
Mean:
8.480381906032562
Std:
0.2204045503185962
Errors:
[ 9.31100178  8.98414969  9.58805084  9.3603158   9.31561136  8.91705322
  9.3795104   9.25049448  9.10432601  9.50633526 11.60024548  9.07048726
  9.84361672  9.25684285  9.85791659  9.91408181  8.88676023  9.08179116
  8.88946891  9.26499486]
Mean:
9.419152736663818
Std:
0.5855241757029463
Errors:
[ 9.92237568  9.81177759  9.8201201  10.21153927  9.84512019  9.88997555
  9.76769638  9.83140159 10.00645065  9.68601942  9.72963715  9.75529552
 10.02233601  9.71190238  9.72890353 10.28948998  9.62936187  9.7032454
  9.74379873 10.20802379]
Mean:
9.865723538398743
Std:
0.18482242528150683
Errors:
[11.04374862 11.20460629 11.12279201 10.95199561 11.09292531 10.72140813
 10.71564627 10.66518068 10.95109415 10.71395612 10.83204222 12.06220245
 11.24379253 12.39784694 10.78062201 14.08452058 10.81476808 11.26912975
 11.19236541 11.83027196]
Mean:
11.284545755386352
Std:
0.7864681488832767
Errors:
[17.22337794 12.5812211  12.72760868 12.22553134 12.17467356 12.66969085
 13.93633318 12.31405163 12.10677862 12.75206423 12.54723144 11.99136114
 12.63685083 12.85491896 12.43760443 14.58123517 14.69977069 12.07453799
 12.03082228 13.45743322]
Mean:
13.001154863834381
Std:
1.2403471377979334
