Errors:
[0.45883942 0.54532409 0.55217886 0.54967117 0.49594951 0.55879545
 0.55539656 0.55936599 0.55524063 0.55117536 0.55115509 0.50558376
 0.52191687 0.55313659 0.69182777 0.56099868 0.56639743 0.55497098
 0.52099276 0.47409773]
Mean:
0.5441507339477539
Std:
0.04511213034161752
Errors:
[0.52855825 0.53960133 0.52711391 0.52463818 0.52638006 0.52681708
 0.52607799 0.53013015 0.53170228 0.52523828 0.53075218 0.52773166
 0.53569865 0.53727365 0.52515221 0.52728105 0.53449202 0.53448343
 0.55129433 0.5279448 ]
Mean:
0.5309180736541748
Std:
0.006319131517691863
Errors:
[0.60804892 0.61801243 0.60732341 0.60647774 0.61181974 0.60382438
 0.69413137 0.6122756  0.60537648 0.60864019 0.60396528 0.60603833
 0.61272717 0.60094333 0.61138082 0.62772965 0.60730791 0.60366201
 0.60760379 0.6497798 ]
Mean:
0.6153534173965454
Std:
0.02092337100294323
Errors:
[0.73216701 0.70991468 0.71923757 0.72097921 0.70702314 0.70612454
 0.70774674 0.7019999  0.70322251 0.71531057 0.71293569 0.7057035
 0.70750642 0.70276403 0.76253843 0.70883584 0.70061398 0.69949508
 0.71264267 0.70119834]
Mean:
0.7118979930877686
Std:
0.014004479705797171
Errors:
[0.83407664 0.84505796 0.89836645 0.83085394 0.82777476 1.07141399
 0.86445856 0.83698869 0.84934044 0.83273411 0.84226441 0.83492875
 0.84231162 0.83343554 0.83492398 0.8290627  0.83480787 0.8414278
 0.83078933 0.83126187]
Mean:
0.8523139715194702
Std:
0.05262241111723937
Errors:
[1.01660347 1.01156664 1.0504396  1.00182414 0.97557306 0.99033308
 1.04310274 1.05245018 0.99504519 0.99020481 0.99369001 1.05534172
 0.99576712 0.98851347 1.00134134 1.00377679 0.97722626 1.01197767
 0.98367834 0.97881389]
Mean:
1.0058634757995606
Std:
0.024834072215219574
Errors:
[1.23338819 1.28423834 1.25388479 1.21766043 1.29869413 1.22917557
 1.20891619 1.3176291  1.2001884  1.15845442 1.19123316 1.3010416
 1.18353105 1.16867137 1.17022514 1.30743766 1.17835712 1.56582355
 1.16379857 1.15377998]
Mean:
1.2393064379692078
Std:
0.09177984929714794
Errors:
[1.47128701 1.42916942 1.44233966 1.52299881 1.46004272 1.47036862
 1.44532657 1.84089422 1.51147676 1.43828535 1.43562913 1.63652086
 1.48984933 1.49621058 1.56220031 1.48756099 1.51433992 1.42199469
 1.58022881 1.47253466]
Mean:
1.5064629197120667
Std:
0.09350849684651
Errors:
[1.78801107 1.90567398 1.90360093 1.79122806 1.81643605 1.797297
 1.84466887 1.84105539 1.80291057 1.82677531 1.82208395 1.85021234
 1.87872481 1.85404015 1.97058201 1.81482482 1.79008198 1.84379196
 1.74741817 1.83613849]
Mean:
1.8362777948379516
Std:
0.04899734724604359
Errors:
[2.34018445 2.217417   2.30396986 2.20461059 2.38948989 2.29375625
 2.17936969 2.33555365 2.18354201 2.28065896 2.25044322 2.27178121
 2.14996767 2.22309017 2.31094861 2.20567799 2.49278426 2.27318287
 2.18552637 2.17510986]
Mean:
2.2633532285690308
Std:
0.08239229954506466
