Errors:
[0.1916008  0.18821716 0.19274783 0.18896461 0.18756104 0.18738389
 0.19179869 0.18606377 0.18734574 0.18866205 0.18608522 0.18911409
 0.18921971 0.18749022 0.18975282 0.19047713 0.19031525 0.19019079
 0.18779254 0.18894482]
Mean:
0.18898640871047973
Std:
0.0017832871637869752
Errors:
[0.27795863 0.27155733 0.27521181 0.27401304 0.27329826 0.28188944
 0.27038884 0.28265023 0.27592897 0.27156329 0.28188229 0.2730782
 0.27314448 0.2783618  0.27187753 0.27767825 0.27424455 0.27585554
 0.27883124 0.27645254]
Mean:
0.27579331398010254
Std:
0.003554420905203672
Errors:
[0.40626502 0.40279484 0.39275956 0.40161252 0.40010571 0.42120695
 0.40316534 0.40866995 0.40619111 0.41003656 0.42830729 0.41349006
 0.40622783 0.40698528 0.4023459  0.4181931  0.52645683 0.39843392
 0.40090132 0.40904117]
Mean:
0.41315951347351076
Std:
0.0271995594521403
Errors:
[0.59559608 0.61143899 0.62319803 0.61701965 0.60939693 0.60107923
 0.60953784 0.60221529 0.61593628 0.60096598 0.59586525 0.6056819
 0.60507393 0.61383462 0.61624956 0.58756638 0.60278749 0.72383523
 0.6067965  0.60622644]
Mean:
0.6125150799751282
Std:
0.026831717314468966
Errors:
[0.88789248 2.07577896 0.88486385 0.87404799 0.92770123 0.88343501
 0.92712593 0.87651587 0.99288177 0.94033504 0.90028954 0.89501429
 0.87898517 0.83913946 0.88275433 0.89442039 0.83298421 0.84582114
 0.83166623 0.89670849]
Mean:
0.9484180688858033
Std:
0.26132433048499565
Errors:
[1.25158668 1.21486974 1.21858549 1.29623842 1.17546725 1.25381231
 1.31938958 1.23894215 1.5064795  1.24487042 1.27488875 1.24659705
 1.21856022 1.3856349  1.28570724 1.20842433 1.28126717 1.23158956
 1.20990181 1.20655251]
Mean:
1.2634682536125184
Std:
0.07241565063409429
Errors:
[1.70243883 1.67626119 1.62755179 1.60506201 1.6482408  1.7344203
 1.517694   1.71100402 1.50442696 1.62366629 1.58373308 1.65887594
 1.67781281 1.59710264 1.52503991 1.81219769 1.67217231 1.67696667
 1.60401082 1.63233018]
Mean:
1.6395504117012023
Std:
0.07335908147791342
Errors:
[2.17684412 2.18388104 2.16480589 2.17354822 2.15930581 2.20903087
 2.22566128 2.24838901 2.09742427 3.04260206 2.22841549 2.1160481
 2.06855559 2.19905925 2.11355901 2.22199392 2.07006502 2.10776162
 2.11505723 2.01985383]
Mean:
2.1970930814743044
Std:
0.20321804927947465
Errors:
[3.19581866 2.67384171 2.61458969 3.06968975 2.86620712 2.9890697
 2.96591592 2.96935892 2.74046373 2.94678044 2.87051773 2.99344301
 2.86379027 2.79082465 2.82996559 2.54499459 3.02397156 3.10525036
 2.92119384 2.84592795]
Mean:
2.8910807609558105
Std:
0.15934624249700588
Errors:
[3.93941307 4.05095792 4.07273269 4.12012196 3.92458391 3.92001009
 3.6932137  3.82652259 3.85724664 3.76576495 3.66982889 3.46049356
 3.97772908 4.38656664 3.94991803 4.05510545 3.72323489 4.10285616
 3.61388731 3.69627213]
Mean:
3.890322983264923
Std:
0.20988274344100882
