Errors:
[3.18353772 2.2045958  2.02338862 2.06032395 2.25742912 2.88036036
 2.17741799 2.01567006 2.21931624 2.08896732 2.62547851 2.35455704
 2.19441557 2.00563622 2.59449506 2.09979773 2.08085871 2.10202622
 3.00030184 2.67312026]
Mean:
2.3420847177505495
Std:
0.3481521832642429
Errors:
[2.47886968 2.8515439  2.72913003 2.51962829 2.47552919 2.41188288
 2.62859726 2.51937509 2.33698463 3.05962729 2.25987196 2.30157757
 2.97854757 2.30689526 2.48087144 2.29488039 2.50673485 2.43308735
 2.37470078 2.67082095]
Mean:
2.530957818031311
Std:
0.22112813014817354
Errors:
[2.75320005 2.92679596 2.8586998  2.64028096 2.78858089 2.71313
 2.69444752 2.81430626 2.97471213 3.98994684 2.77109671 3.29520941
 3.14315438 2.67519331 3.03133345 3.13770461 2.72253776 3.43912125
 3.91712928 3.69054604]
Mean:
3.048856329917908
Std:
0.40476164797150754
Errors:
[3.32682967 4.56744099 7.23207355 3.60395193 3.22693157 3.25643301
 4.42040801 3.8535192  3.5027473  3.27588391 3.34336901 3.47091317
 3.40291524 3.19518948 4.05446482 3.89297247 3.425951   3.60412455
 3.35548472 3.22189474]
Mean:
3.7616749167442323
Std:
0.8831619519168935
Errors:
[4.05550003 4.67134237 4.28898573 4.11749005 3.91584849 4.20771074
 3.69248581 3.95270443 4.03737402 4.58116031 4.21233463 4.26835847
 3.82702303 4.05808973 4.50643158 4.55931687 7.03353786 3.90478277
 4.06830072 4.54930449]
Mean:
4.325404107570648
Std:
0.6766474990254125
