Errors:
[3.30307984 3.08294368 3.49996638 3.01681137 4.73010731 3.03175497
 3.13168001 3.10262299 3.08460021 3.31304026 3.22081947 3.2218082
 3.20756388 3.80377984 3.59394121 3.13621807 3.22860217 3.1406517
 3.22684288 3.18017268]
Mean:
3.3128503561019897
Std:
0.37637544399590905
Errors:
[3.82599068 4.70716453 3.7295692  4.09216619 4.57685947 3.90778184
 4.35156798 3.82201552 3.74774456 3.78055215 3.92684841 4.07551074
 3.82323503 4.94390368 3.99783349 3.57155514 3.83943701 3.58857298
 5.41323495 3.82119465]
Mean:
4.0771369099617
Std:
0.47129639243961563
Errors:
[7.68753433 7.29962325 7.55742812 8.72016907 6.99003983 7.24004269
 7.12949634 6.71571469 7.15868974 6.71934628 6.75564718 7.85865903
 6.99881792 7.25365233 6.94126105 8.18208146 7.40805912 6.98234105
 7.12391305 8.01479721]
Mean:
7.336865687370301
Std:
0.5145859894760535
Errors:
[7.90533376 7.83121943 7.92155504 8.09755373 7.98460484 8.04940152
 8.61859727 7.83701515 8.35989785 8.60687327 8.45071483 9.25207782
 8.19602442 8.69986439 8.2782526  8.73991585 8.38648486 8.74410748
 8.03238392 7.91434312]
Mean:
8.295311057567597
Std:
0.37776335453782584
Errors:
[ 9.25742102  9.50210285  8.74438262  8.76587558 15.08894348  8.91745067
  9.44782782  8.74244285  8.81661963  9.09769917  9.29261589  8.68218994
 10.32848549  9.30723643  8.92612028  9.55046535  8.76830077  8.74621987
  8.91423678  8.94503975]
Mean:
9.39208381175995
Std:
1.3645304950516646
