Errors:
[1.99128103 1.81600189 1.86371946 1.84625959 2.01505923 1.81314182
 1.80699205 2.01526356 1.9030509  1.94816852 2.12336373 1.76130152
 1.81498957 1.87356281 1.83487344 2.0643456  1.89934826 1.67877889
 2.11481428 1.86583924]
Mean:
1.902507770061493
Std:
0.11598958947224323
Errors:
[2.3599236  2.33907866 2.42539287 2.35013247 2.27957106 2.47656322
 2.45390272 2.46166062 2.3877461  2.41848564 2.33039212 2.49908352
 2.38054323 2.42870998 2.43165803 2.2407577  2.4220624  2.35812616
 2.51613855 2.2863903 ]
Mean:
2.392315948009491
Std:
0.0726959885276953
Errors:
[2.47484422 2.39054966 2.47522497 2.39696026 2.39891315 2.36163664
 2.26707029 2.41691828 2.45208359 2.42832351 2.41694713 2.4584322
 2.54624796 2.48276091 2.51555228 2.34371018 2.45756221 2.3389318
 2.52493548 2.51535153]
Mean:
2.4331478118896483
Std:
0.06955057737285149
Errors:
[2.70162654 2.77809262 2.69270492 2.79454327 2.60979247 2.85694194
 2.69852018 2.70943356 2.63683891 2.70449162 2.62904429 2.5716095
 2.66451454 2.63207841 2.59795356 2.64213467 2.69375134 2.71654296
 2.65292215 2.66295743]
Mean:
2.682324743270874
Std:
0.06736756053481675
Errors:
[3.05601978 3.01366854 3.03983998 3.2077148  3.00109577 3.04620838
 3.01870179 3.02670407 3.04588771 3.08552694 3.02755117 3.05354881
 3.04159737 3.05410719 2.99203348 3.06053138 3.11955142 3.04111457
 3.03654981 3.12457585]
Mean:
3.054626441001892
Std:
0.04787824669183028
Errors:
[3.60254717 7.36078262 3.42274332 3.38067245 3.46863675 3.44638658
 3.47233033 3.43663216 3.48884845 3.51745844 3.47903013 3.37925792
 3.54058433 3.43406439 3.42512512 3.42940569 3.52606726 3.43352342
 3.43643665 3.44396329]
Mean:
3.656224822998047
Std:
0.8515043238476646
Errors:
[3.97237039 3.96792626 3.95975447 3.95808125 3.93665147 3.958534
 3.9284637  3.93384099 3.91263986 3.97432232 4.0625236  3.88226414
 3.93466496 3.93972993 3.99023199 3.91754913 3.87948036 3.99199915
 3.97994518 3.90099406]
Mean:
3.949098360538483
Std:
0.04136818697448413
Errors:
[4.45229793 4.54540563 4.44864035 4.47597814 4.45974112 4.51132011
 4.48326349 4.5531652  4.47112107 4.43674469 4.54307556 4.48862314
 4.61207724 4.45095158 4.75986099 4.47538066 4.48016834 5.06347179
 4.44373655 4.56381202]
Mean:
4.535941779613495
Std:
0.14170810421861713
Errors:
[5.09023881 5.08016419 5.12526536 5.14330006 5.07336783 5.14071012
 5.11036468 5.09184217 5.07309818 5.07904172 5.14310455 5.0720284
 5.09829259 5.13407016 5.11677957 5.20068192 5.36863852 5.06936669
 5.1185236  5.23640203]
Mean:
5.128264057636261
Std:
0.06964357539556093
Errors:
[5.86128998 5.84109426 5.91820621 5.83835888 5.82182956 5.87016654
 5.80480623 6.01250839 6.16153526 5.78457475 5.82536268 5.82969332
 5.89018226 5.8791976  5.84749317 5.83420253 5.91840029 5.81715274
 5.83567071 5.95405579]
Mean:
5.877289056777954
Std:
0.08414859530481428
