Errors:
[0.18803358 0.19535637 0.21570301 0.18428826 0.18609428 0.18835783
 0.19273019 0.18840408 0.18776441 0.18871737 0.19787502 0.19305682
 0.18866038 0.18895626 0.18897676 0.18728542 0.18685532 0.19161105
 0.18744564 0.1928184 ]
Mean:
0.1909495234489441
Std:
0.006526876186272598
Errors:
[0.2616632  0.26259518 0.26556349 0.26094389 0.26472783 0.26050043
 0.26415896 0.26481819 0.26681805 0.25880718 0.26734853 1.46501565
 0.26215601 0.26073217 0.26100039 0.26159191 0.28174663 0.26417685
 0.25823402 0.26194906]
Mean:
0.32372738122940065
Std:
0.2618732041758414
Errors:
[0.37257266 0.36171389 0.38860607 0.36332035 0.46561694 0.36390758
 1.07884073 0.36248112 0.36324596 0.366781   0.36302042 0.37380004
 0.36974669 0.37099481 0.36310077 0.37469506 0.39834523 0.38189983
 0.37230039 0.35873342]
Mean:
0.4106861472129822
Std:
0.1549705426576804
Errors:
[0.51861691 0.50258017 0.50204873 0.54854584 0.51666713 0.50178599
 0.50676417 0.52963591 0.50824904 0.53491998 0.50051951 0.52311921
 0.49948764 0.49968791 0.53606176 0.50307274 0.50571156 0.51259136
 0.49646997 0.49795485]
Mean:
0.5122245192527771
Std:
0.014612783239529832
Errors:
[0.68126917 0.69594288 0.68828773 0.691046   0.71762609 0.69459248
 0.70679307 0.70874333 0.68513799 0.68225121 0.76844335 0.68818998
 0.70337605 0.69773412 0.70407462 0.7162137  0.71650171 0.7444284
 0.69674253 0.6827457 ]
Mean:
0.7035070061683655
Std:
0.02122684919395427
Errors:
[0.91437984 0.94479966 0.92934895 0.90700436 0.92290497 0.92622328
 0.95943785 0.92592573 0.94926953 0.9313724  0.94883943 1.17356992
 1.07226229 0.91318774 0.93334413 0.96362853 0.93869662 0.93122864
 0.9271419  0.9281826 ]
Mean:
0.9520374178886414
Std:
0.06084134618384918
Errors:
[1.20601535 1.15002251 1.15903831 1.12060094 1.09665084 1.11255479
 1.11614442 1.11640239 1.14339948 1.13177824 1.10835147 1.12447882
 1.0983305  1.14999914 1.12285447 1.11672497 1.11910462 1.16502738
 1.10056543 1.19879293]
Mean:
1.1328418493270873
Std:
0.02999933180083726
Errors:
[1.51388383 1.49556136 1.45146847 1.49399042 1.41214609 1.41526103
 1.39187765 1.43435001 1.43648672 1.48052359 1.42851186 1.4948616
 1.42934203 1.4627037  1.44560409 2.86601853 1.4386754  2.6078074
 1.40982223 1.68833184]
Mean:
1.5898613929748535
Std:
0.389326343882558
Errors:
[1.92083764 1.84232807 2.08819795 1.80221272 1.8879118  1.82863808
 1.83523798 1.89202332 1.82214451 1.80404186 1.9359076  2.32385373
 1.86222172 1.90343094 1.85693359 1.82022309 1.82397366 1.79518604
 1.87798047 1.86902523]
Mean:
1.889615499973297
Std:
0.11835535627776815
Errors:
[2.49878836 2.31773734 2.81910396 2.36595559 2.46889663 2.45364904
 2.45423603 2.39244413 2.36978054 2.37078905 2.4071703  2.36728573
 2.3273313  2.63264012 2.32852674 2.42116404 2.34039307 2.38928962
 2.74261546 2.53846288]
Mean:
2.4503129959106444
Std:
0.13442483929596694
