Errors:
[2.78810859 2.7166841  2.83279324 2.84878874 3.39540148 3.89661741
 3.14055753 2.89482331 3.40065885 3.10715246 2.77557421 3.04547596
 2.75539494 2.75681067 3.19720364 3.22890544 3.00670671 2.84788346
 2.85780549 2.78920555]
Mean:
3.014127588272095
Std:
0.29031211927557465
Errors:
[3.53473878 3.6527698  3.70857096 3.2967155  3.55702543 4.94651723
 3.38534069 3.31087351 3.50859737 3.627738   3.17543817 3.35748076
 3.56886053 3.69754672 3.38636684 3.44240236 3.41593337 3.75742936
 3.48383212 3.44511104]
Mean:
3.5629644274711607
Std:
0.3502364765109863
Errors:
[3.76884651 4.14571285 4.09301496 4.00415826 3.8371582  3.82490993
 3.84558129 4.21084666 5.79833794 3.69246817 3.81924057 3.99263024
 3.91996837 5.21846366 3.73523283 3.98979092 3.75010109 4.1395309
 3.70212555 3.82659435]
Mean:
4.06573566198349
Std:
0.5121372012072575
Errors:
[4.65528846 4.95246863 4.69431543 4.65794063 4.76703167 4.5395031
 4.61736703 4.9617753  5.27036452 4.89325643 4.6784656  5.44024777
 5.23970366 4.99395847 5.52421331 4.47432137 4.70780444 4.56598496
 7.17337465 5.14664435]
Mean:
4.997701489925385
Std:
0.581152427941911
Errors:
[5.30369234 5.38501978 5.44438171 6.23703027 6.22289205 5.55336547
 5.5958221  5.03749847 5.12138391 6.05643225 5.86313272 5.64262867
 5.31745934 5.71484804 5.1774528  6.25236011 5.85991788 5.95265508
 6.01441669 5.91006184]
Mean:
5.6831225752830505
Std:
0.37402193533249284
