Errors:
[0.51778603 0.51121116 0.50303483 0.50880718 0.51368618 0.5228529
 0.49624753 0.49553132 0.51964116 0.50178885 0.49235868 0.50589108
 0.51588345 0.52450824 0.49951577 0.49960017 0.52639651 0.50246954
 0.49763083 0.50194883]
Mean:
0.5078395128250122
Std:
0.010224856687564033
Errors:
[0.64104319 0.63110566 0.71872139 0.80648947 0.63683963 0.66900969
 0.64527988 0.6200428  0.62478328 0.75367379 0.62516713 0.62576675
 0.63428569 0.61263442 0.72581005 0.78363824 0.67184758 0.65166354
 0.64214301 0.627038  ]
Mean:
0.6673491597175598
Std:
0.05656403974306329
Errors:
[0.83610821 0.79315734 0.80444241 0.8171463  0.78836513 1.01704621
 0.92018723 0.80487704 0.80196142 0.99651909 0.75728226 0.82631326
 0.78970671 0.79538059 0.87192225 0.96143723 0.7763989  0.85851884
 0.86202836 1.18765163]
Mean:
0.8633225202560425
Std:
0.1033896404508063
Errors:
[0.976192   1.0284431  1.05188441 1.21769357 1.0781548  1.07731199
 1.19474387 1.11299467 1.01551008 1.04167128 1.69552517 0.99539447
 1.11689878 0.99440479 1.02291489 1.00440884 0.95348954 0.96078873
 0.97686005 1.08097577]
Mean:
1.079813039302826
Std:
0.15773746312705256
Errors:
[1.34713697 1.31124735 1.32127404 1.29414034 1.38414311 1.20887589
 1.2568717  1.27736783 1.31585836 1.58752537 1.34064054 1.37166786
 1.25558877 1.19766402 1.23569679 1.32146955 1.29810119 1.25093651
 1.26405001 1.29273558]
Mean:
1.3066495895385741
Std:
0.08068891766801535
Errors:
[1.67230463 1.65397167 1.64668632 1.67850614 1.59927702 1.68574548
 1.73299813 1.77442455 1.56109095 1.66905713 1.64896417 2.19935131
 1.6176722  1.79272795 1.60350895 1.66884232 1.74843812 1.67047119
 1.51338458 1.67055655]
Mean:
1.6903989672660829
Std:
0.13380961292856539
Errors:
[1.88762331 2.15354872 1.92221498 1.96805954 2.27784061 2.48302841
 2.07098222 2.08059883 1.96372771 2.50260329 2.02895236 2.08373713
 2.15440416 1.93027329 2.050915   2.12985015 1.89300561 1.92640924
 2.11194015 2.07185435]
Mean:
2.0845784544944763
Std:
0.16833618567488942
Errors:
[2.7390821  2.7609992  2.75410438 2.51319671 2.58054423 2.55087352
 2.81593943 2.66020775 2.49452996 2.68930292 2.84398127 3.1219492
 2.49114466 2.74822044 2.58049417 2.61387682 2.61218667 2.3630867
 2.42681026 2.86687756]
Mean:
2.6613703966140747
Std:
0.17280207041189866
Errors:
[3.48093462 3.2821815  3.7373817  3.77779102 2.95221329 3.14893651
 3.49296665 3.220474   3.0380187  3.41195631 3.52546763 3.2926271
 3.2178297  3.14263272 3.61598897 3.02892661 3.78986597 3.51303411
 3.20105147 3.16302013]
Mean:
3.351664936542511
Std:
0.24873720793889406
Errors:
[4.22991323 4.75407529 4.06782675 3.82710052 4.33188605 4.81050038
 4.20634294 4.56270695 4.0065937  3.96570015 3.61302423 4.22833872
 4.80555201 4.9173398  4.02409363 3.97688794 4.70482135 4.15941715
 4.25957417 3.79663658]
Mean:
4.262416577339172
Std:
0.36949851514062576
