Errors:
[5.05284071 5.22882652 5.05237269 5.14050555 4.68841434 4.85127449
 5.28735304 5.48231125 5.40397763 5.33677864 5.58734107 5.34381413
 5.17792678 5.18287826 5.52356696 4.83552361 5.12310791 5.44292617
 5.19576073 5.23612905]
Mean:
5.208681476116181
Std:
0.22940914569391155
Errors:
[6.59138012 6.79733157 6.80074596 7.00509834 6.67926073 6.40055656
 6.43157697 6.33914161 6.77665734 6.67170763 6.79846048 6.71884346
 6.87879395 6.25789022 6.19705439 6.57928753 6.48012853 6.55039239
 6.74131656 6.91147494]
Mean:
6.630354964733124
Std:
0.21779567476800246
Errors:
[10.68144631 10.4554956  11.10320425 11.12771726 11.07610297 11.85324335
 10.71182561 10.64830756 11.95316434 10.5318718  11.08997273 10.80122042
 11.30419254 10.43777108 10.81686878 10.64954543 10.51756716 12.05600214
 11.39878106 10.47924352]
Mean:
10.984677195549011
Std:
0.4939198662975217
Errors:
[12.13076711 12.29525781 12.04934168 12.20913267 13.1749742  12.21076083
 12.0602932  12.15017438 12.66859031 11.99254727 12.32767153 12.57021952
 12.56632447 12.0985744  12.21500826 12.84680486 12.49107075 12.44825315
 12.9122324  12.3525176 ]
Mean:
12.388525819778442
Std:
0.3126041378742607
Errors:
[14.47260833 14.42724061 13.72913527 16.21345139 13.90625978 14.15195322
 14.42563796 13.67125177 13.66981268 14.0298233  14.11667562 13.88057947
 13.92775249 14.90073895 15.24496627 14.03269649 13.8821876  13.59794855
 14.64019179 13.90935922]
Mean:
14.241513538360596
Std:
0.6177421229029162
