Errors:
[0.51789403 0.17530513 0.17557406 0.17941093 0.17513037 0.17417812
 0.17750049 0.17575169 0.17871952 0.17552018 0.17512202 0.17878628
 0.22812295 0.17643523 0.17672443 0.24995899 0.175349   0.17609072
 0.17554545 0.1767993 ]
Mean:
0.19969594478607178
Std:
0.07546030254098697
Errors:
[0.24423766 0.23104358 0.22696781 0.22951245 0.22502565 0.22944331
 0.22945428 0.22741675 0.23243594 0.22525716 0.22549295 0.23201609
 0.23856783 0.22725892 0.22466111 0.22715735 0.23748493 0.22805738
 0.23218203 0.22989964]
Mean:
0.2301786422729492
Std:
0.004896426883195315
Errors:
[0.30077887 0.34359694 0.29649258 0.31497169 0.28879118 0.29928541
 0.28975987 0.29826689 0.2840879  0.28267312 0.28706908 0.30427289
 0.30212021 0.32104731 0.28732491 0.31289577 0.30411768 0.28442097
 0.29074883 0.28534436]
Mean:
0.2989033222198486
Std:
0.014867867428101408
Errors:
[0.84269476 0.35749769 0.35535431 0.41912889 0.3606782  0.36807323
 0.38728738 0.36111665 0.36079144 0.37080526 0.35936379 0.37324119
 0.35939837 0.3858099  0.35884023 0.3747468  0.3777895  0.36833334
 0.37637925 0.36377478]
Mean:
0.39405524730682373
Std:
0.1039185902044372
Errors:
[0.50030589 0.46054864 0.5263648  0.48979235 0.45426989 0.47707868
 0.86381698 0.46984673 0.46523857 0.46644735 0.51053023 0.45681977
 0.50678444 0.48560548 0.45516205 0.54222465 0.45622706 0.46350241
 0.45899916 0.4754374 ]
Mean:
0.4992501258850098
Std:
0.0872129239011709
Errors:
[0.61166906 0.57233763 0.58810759 0.57887077 0.57670498 0.61286545
 0.59234023 0.65673184 0.58597827 0.7002821  0.58198595 0.6003828
 0.59699273 0.58164072 0.56236339 0.55425024 0.59380937 0.57803011
 0.59550118 0.62499118]
Mean:
0.5972917795181274
Std:
0.0323474351500107
Errors:
[0.71142292 0.71871018 0.75401855 0.74616075 0.70526242 0.75858712
 0.75210547 0.72592688 0.69900918 0.71932364 0.78956056 0.71247911
 0.74447417 0.71121335 0.7041347  0.7071166  0.69716048 0.73602986
 0.69361281 0.70494771]
Mean:
0.7245628237724304
Std:
0.024903997638357277
Errors:
[0.9373908  0.90451455 0.90094543 0.88850498 0.91014385 0.93280005
 2.10387111 0.95494127 0.90584922 0.85907292 0.87913418 1.1063869
 0.90207171 0.869385   0.88549948 0.93062258 0.90789104 0.99319577
 1.01658106 0.86697316]
Mean:
0.9827887535095214
Std:
0.2634610258433333
Errors:
[1.50849152 1.14776158 1.09168506 1.3854804  1.17829347 1.16762424
 1.13943076 1.0297718  1.10489488 1.1274147  1.17153525 1.48027611
 1.15665889 1.14408517 1.09657979 1.20074487 1.13535213 1.15185022
 1.19233966 1.10177398]
Mean:
1.1856022238731385
Std:
0.12240000685860357
Errors:
[1.43072128 1.47223544 1.55521584 1.40322018 1.48700619 1.49976897
 1.79475641 1.5482409  1.4747057  1.51756692 1.92448258 1.59009123
 2.13620782 1.59421182 1.59165573 1.60439754 1.45868182 1.45621324
 1.51007295 1.57279396]
Mean:
1.5811123251914978
Std:
0.1742110546337969
