Errors:
[2.77867055 3.30929375 2.62295413 2.26405096 2.49370551 2.0873251
 2.1589396  2.11550593 2.39666533 2.2782433  2.23991251 2.13380957
 2.2039721  2.22334886 2.1324358  2.28823519 2.02821589 2.49930978
 2.32049489 2.31386566]
Mean:
2.3444477200508116
Std:
0.2871524970615258
Errors:
[2.72600484 2.70764995 2.68257093 2.79138446 2.60371137 2.80991411
 2.63591647 2.81602979 2.66075969 2.69273043 2.5678947  2.62316489
 3.16672969 2.56389189 2.48777509 2.61629391 2.90187311 2.70281076
 2.62202644 3.03292346]
Mean:
2.720602798461914
Std:
0.15982133445543845
Errors:
[3.94098663 3.6394155  2.74178743 3.07187319 2.86955166 3.03701162
 5.25273657 3.04838324 2.92390561 3.24620366 3.025563   3.23923039
 2.89635682 3.21954918 2.84098983 3.56055784 3.25191402 3.27758932
 2.91447115 3.1332562 ]
Mean:
3.256566643714905
Std:
0.5400695097376083
Errors:
[3.92896008 3.62795615 3.55081129 5.09049129 3.57990217 3.53280449
 4.91916013 3.87166524 4.33753991 3.5482924  3.47751951 3.41760612
 4.68140984 3.36046696 4.71925616 3.69792366 3.60261536 4.62275195
 3.54877543 3.35781384]
Mean:
3.9236860990524294
Std:
0.5589182363890026
Errors:
[5.0792532  4.11657643 5.10657644 4.09780884 4.47534251 4.11600399
 4.20146632 4.49868417 4.90093279 5.8999846  4.33303571 4.96505523
 4.73933554 5.22275996 3.97968745 4.44070196 5.84814334 4.1764698
 4.98386145 4.56243086]
Mean:
4.687205529212951
Std:
0.5444011143732757
