Errors:
[5.59586525 5.35315299 5.75277376 6.0954597  5.33056808 5.8588922
 5.72320986 5.14514041 5.29452372 5.09471416 4.70159268 4.98912549
 5.2536912  5.69981027 5.54346085 4.45774102 5.85892439 4.49190354
 5.78176475 4.65737343]
Mean:
5.333984386920929
Std:
0.4722002280285925
Errors:
[6.46952772 6.64069223 5.20447779 6.79548264 6.38396168 5.96193004
 6.62598395 7.04037189 6.10770202 5.86948681 6.92834425 6.55184603
 5.85185122 6.61742663 6.13208604 5.57209468 5.40714121 6.54508018
 6.07359695 6.08640909]
Mean:
6.243274652957917
Std:
0.4897053334760128
Errors:
[8.74624658 8.24835658 7.54682493 7.699435   6.99195623 6.24910665
 6.6493113  7.00207734 7.47934103 7.35100317 7.71383786 8.07367826
 7.56353068 6.90781307 6.56748247 6.63119793 7.65641618 6.40101576
 7.63061094 7.2766602 ]
Mean:
7.319295108318329
Std:
0.6313576913965344
Errors:
[ 9.2953639   8.65062594  8.81977963  8.51786327  8.52363586  8.96466208
  8.49366188 10.23649764  7.54291964  8.95696855  8.39409423  7.35912919
  8.60107517  7.90317297  8.56167889  8.23612237  8.39479208  9.689713
  8.54628992  8.93245864]
Mean:
8.631025242805482
Std:
0.6379490623656427
Errors:
[ 9.93917322  8.59985971 10.07973218 10.30891562 10.63377762  9.2360518
 11.06966281  9.15977383  9.76779294  9.66277385 12.45528388 11.62773943
  9.72091913  9.87441325  9.57853103  9.90456223  9.82549405 16.21840739
  9.91588187 10.82731891]
Mean:
10.420303237438201
Std:
1.5793164043523018
