Errors:
[1.41853905 1.40196514 1.40593386 1.41046214 1.40959382 1.40379453
 1.40182638 1.40798855 1.40832806 1.40302062 1.41157866 1.4542222
 1.4063518  1.41381669 1.40861082 1.40168691 1.40411639 1.41111803
 1.40314865 1.40023923]
Mean:
1.4093170762062073
Std:
0.011271684094604467
Errors:
[1.77178168 1.76403594 1.7839725  1.8134222  1.76047325 1.76335835
 1.77139068 1.77203918 1.75833154 1.77370334 2.98512149 1.77662516
 1.75630713 1.76891708 1.75867128 1.77304196 1.90248466 1.7755444
 1.75807381 1.7645607 ]
Mean:
1.8375928163528443
Std:
0.26511126407581864
Errors:
[2.15924621 2.17803526 2.1487639  2.14514446 2.16171885 2.12820625
 2.15235066 2.1748147  2.16626    2.12931085 2.13977718 2.13337278
 2.13477993 2.13326764 2.14044523 2.12622571 2.1400671  2.14248109
 2.14244032 2.1453259 ]
Mean:
2.146101701259613
Std:
0.014666212574111171
Errors:
[2.76055837 2.70855021 2.6536746  2.73244333 2.76498079 2.74362135
 2.68910336 2.67760158 2.75186515 2.72461557 2.73699141 2.74077511
 2.75868678 2.67573524 2.79664803 2.69469285 2.757025   2.68078828
 2.66678667 2.68714809]
Mean:
2.720114588737488
Std:
0.03886573533199348
Errors:
[3.31196213 3.30981874 3.33555651 3.32351685 3.37601352 3.29006147
 3.41623211 3.27815938 3.3406961  3.30199528 3.36491108 3.3607564
 3.3563323  3.38539934 3.37054753 3.35390663 3.34853268 3.34513402
 3.3457787  3.35383677]
Mean:
3.34345737695694
Std:
0.03274940097394253
Errors:
[4.00890279 4.08197927 4.01341939 4.04313779 4.05951071 4.23424006
 4.09317279 4.04816556 4.02458572 4.17258739 4.08952427 4.09146929
 4.04242611 4.1411705  4.03406882 4.05651855 4.08251143 4.02035546
 4.08046103 4.06526256]
Mean:
4.074173474311829
Std:
0.054327529188792176
Errors:
[4.83029222 4.82707644 4.78489089 4.74909282 4.82451248 4.82952738
 4.8121419  4.98620534 4.83500743 4.89613533 4.80707479 4.78228116
 5.06995106 4.84130025 4.83166981 4.81588125 4.79139686 4.78126335
 4.84653044 4.98025084]
Mean:
4.8461241006851195
Std:
0.07744709005513259
Errors:
[5.65545011 5.6873765  5.67106771 5.66749001 5.7331605  5.67321539
 5.64865637 5.6584456  5.61959839 5.65361738 5.67036986 5.62820745
 5.62596941 5.7126174  5.62095642 5.67558765 5.58264589 5.69057131
 5.64072037 5.62434268]
Mean:
5.657003319263458
Std:
0.03425941715964213
Errors:
[6.53844285 6.33734083 6.31473422 6.26410913 6.38149166 6.34924889
 6.38302159 6.73736835 6.33154082 6.37852287 6.41689014 6.3185091
 6.38105226 6.4673295  6.39981127 6.35627007 6.41097498 6.37713623
 6.49795437 6.2805438 ]
Mean:
6.396114647388458
Std:
0.10221002629021302
Errors:
[7.64075184 7.33616424 7.25764203 7.15679002 7.44912291 7.16217852
 7.3403995  7.44231892 7.2077229  7.11826301 7.16655684 7.21203136
 7.4356215  7.10184169 7.26818991 7.19027424 7.29922152 7.07472134
 7.37578058 7.20270061]
Mean:
7.271914672851563
Std:
0.13979053738320843
