Errors:
[0.13529277 0.13236856 0.13449121 0.13268232 0.13130283 0.16117764
 0.14489579 0.13619113 0.13416028 0.13683152 0.13674951 0.18992686
 0.13558459 0.13376927 0.13336158 0.13784194 0.13259077 0.13365865
 0.13320589 0.14241123]
Mean:
0.13942471742630005
Std:
0.013269906171673843
Errors:
[0.17427874 0.17575717 0.19355345 0.1771307  0.17861724 0.18065739
 0.17503572 0.17978215 0.1736815  0.18109488 0.17790437 0.17583704
 0.1739881  0.17753482 0.17845488 0.17683125 0.18256187 0.17705131
 0.18054891 0.17891288]
Mean:
0.1784607172012329
Std:
0.004222232555662775
Errors:
[0.22578478 0.23280597 0.25009942 0.24248648 0.23067498 0.22848296
 0.22886205 0.23865247 0.22221327 0.22716308 0.23755884 0.23316216
 0.24003363 0.22282434 0.23289967 0.22548223 0.23648763 0.23038483
 0.22929192 0.23292089]
Mean:
0.23241357803344725
Std:
0.00676764192416607
Errors:
[0.29216981 0.29290938 0.28830194 0.29391909 0.31989264 0.29226589
 0.30643153 0.32629657 0.29807329 0.31208968 0.30261374 0.31166792
 0.2877512  0.29065633 0.30083919 0.29126525 0.31885886 0.28723526
 0.28855157 0.28983164]
Mean:
0.29958103895187377
Std:
0.01189652769752498
Errors:
[0.40417027 0.37153363 0.38186908 0.4531517  0.38468337 0.39652038
 0.39287162 0.38883114 0.38846445 0.3681798  0.38807034 0.39153361
 0.45246243 0.38207555 0.39306831 0.39527345 0.40506101 0.38958406
 0.36923409 0.38328218]
Mean:
0.3939960241317749
Std:
0.021847852679994628
Errors:
[0.48968053 0.4788723  0.47104979 0.49295855 0.48420262 0.47538257
 0.53748608 0.51094842 0.53072286 0.48202038 0.56182361 0.48084402
 0.47733188 0.47986627 0.51815224 0.46833348 0.47893524 0.47156882
 0.47990513 0.48641753]
Mean:
0.4928251147270203
Std:
0.02483921739780207
Errors:
[0.60823274 0.62535262 1.38964295 0.6622529  0.60031819 0.61712456
 0.70362115 0.86918879 0.61843467 0.62652874 0.6665535  0.61646748
 0.60141015 0.61728883 0.58374548 0.6596415  0.67714429 0.6395762
 0.64087892 0.7112143 ]
Mean:
0.6867308974266052
Std:
0.17213277843012337
Errors:
[0.84050202 0.79062915 0.96811128 1.05691743 0.75907946 0.78832316
 0.81141257 0.78590035 0.74810696 0.78391695 0.75967598 0.7548573
 0.89667177 0.80777788 0.77309871 0.76832724 0.78200269 0.75681281
 0.79770851 0.77401662]
Mean:
0.8101924419403076
Std:
0.07637931608766711
Errors:
[1.01872683 1.0057683  1.01751447 0.99966502 1.03254604 1.09646153
 1.06001663 1.06534743 1.05349779 1.07698798 0.97504997 1.05529332
 0.95967007 0.99034357 1.01558852 0.95881605 0.9977119  1.04413939
 1.01406908 1.06243229]
Mean:
1.0249823093414308
Std:
0.03782989209803996
Errors:
[1.24940467 1.24044585 1.41383553 1.2793889  1.33136749 1.34434223
 1.23290277 1.26443386 1.35203576 1.49066854 1.36706328 1.42399025
 1.46251702 1.34037828 1.43904448 1.39453912 1.67557859 1.33457613
 1.23166132 1.28127241]
Mean:
1.3574723243713378
Std:
0.10598770506163283
