Errors:
[1.73005223 1.65253377 1.74892521 1.81403613 1.85503149 1.63972163
 1.85948563 1.66623831 1.83323169 2.41607714 1.63435841 1.91653562
 1.7987752  1.81179261 1.6395874  1.95843744 1.70224071 1.75286508
 1.67700291 1.65722346]
Mean:
1.7882076025009155
Std:
0.17273564062459196
Errors:
[2.05583692 3.62170219 2.06775379 2.07511592 2.683285   1.97063017
 2.24434996 2.56115389 2.29157805 2.59775686 2.42991877 2.35051322
 2.05230904 3.17872834 2.43483686 1.96614671 2.05118227 2.08198118
 1.98164582 2.20955396]
Mean:
2.345298945903778
Std:
0.4175499921494944
Errors:
[2.3989284  2.32871938 2.19690704 2.82519579 2.82554412 2.82576585
 2.97987676 2.54213285 2.82446241 2.54540753 3.19779801 3.27023697
 2.27210164 2.18861628 2.64592004 2.33634949 2.45277214 2.32176566
 2.53163075 2.37358141]
Mean:
2.5941856265068055
Std:
0.3113990416872696
Errors:
[2.95194149 3.44337797 3.29539585 2.95699763 3.08307815 3.47683907
 3.56577039 2.79395962 3.37611914 2.92922401 3.02703238 2.81488752
 3.11269331 3.28534436 3.30707645 2.94279552 2.87848783 3.2384882
 6.40578628 3.37608719]
Mean:
3.3130691170692446
Std:
0.7453256882865824
Errors:
[3.32157421 3.19644594 3.51287627 3.60891557 3.48946047 5.00170779
 4.85037971 3.28928709 3.6210897  4.37931585 3.79040837 3.53937411
 4.08038974 3.64787841 3.67192221 5.68068099 5.15060949 3.46370792
 3.33239555 4.04472852]
Mean:
3.933657395839691
Std:
0.6915938074795451
