Errors:
[4.99650717 5.25282621 4.73037958 4.7460444  5.03022885 5.06787372
 4.84716392 4.79784966 5.14738941 4.91721702 4.80433369 5.11169195
 4.73433161 4.9071486  4.96625209 5.01888108 4.7872088  4.81408811
 5.50518942 4.93526816]
Mean:
4.955893671512603
Std:
0.19121221790899612
Errors:
[5.46269083 5.58404446 6.08295822 5.55338407 5.42132401 5.68687129
 5.48167205 5.68556857 5.63773537 6.21984196 5.64793348 5.40868616
 5.39977431 5.74800897 5.83400893 5.77208376 6.3617487  5.77320528
 5.4266839  5.57434654]
Mean:
5.688128542900086
Std:
0.2619013932383317
Errors:
[6.20474625 6.24148726 6.23735547 6.42397571 6.46945238 6.25140953
 7.79273367 6.10191131 7.50086904 6.67905283 5.97362423 6.08248043
 6.40841413 6.33106685 6.67204118 6.36395884 6.20823717 5.98692918
 6.55868101 6.0466702 ]
Mean:
6.426754832267761
Std:
0.45504817378236145
Errors:
[6.52554893 6.7962029  6.53891969 7.86883521 6.65926528 6.669626
 6.87281585 6.77191854 6.98274541 7.93320775 6.8562212  7.11248112
 7.39896488 7.11640215 7.32063317 6.95390725 7.11353421 6.67570186
 6.73295879 6.82974029]
Mean:
6.986481523513794
Std:
0.3823876254285513
Errors:
[ 7.95906472  8.66556048 10.0793364   7.67345715  8.2254014   7.87085271
  8.28120446  8.66051292  8.58282852  8.02209377  9.06110764  8.03995919
  8.35900903  8.80802846  7.83502555  7.72870803  7.86995077  7.62049103
  7.7494247   8.02104211]
Mean:
8.255652952194215
Std:
0.5798747013733248
