Errors:
[0.84783816 0.83781075 0.83945274 0.84547734 0.8471818  0.83891106
 0.83709884 0.84182835 0.84003925 0.84120059 0.83612728 0.83884382
 0.83676457 0.87163997 0.84041405 0.83926225 0.83691311 0.83622217
 0.83781338 0.83915353]
Mean:
0.8414996504783631
Std:
0.007666232843523828
Errors:
[1.03120899 1.0340929  1.02916408 1.03054237 1.0252099  1.03169942
 1.03023267 1.04507422 2.24710774 1.03310823 1.02973557 1.04298997
 1.03060603 1.03342104 1.02816796 1.0306735  1.03175735 1.03138089
 1.02950358 1.02965784]
Mean:
1.0927667140960693
Std:
0.26486129282196386
Errors:
[1.23839688 1.24913478 1.29824018 1.2395525  1.25265265 1.23371267
 1.24376488 1.24276972 1.23477197 1.25244856 1.24910855 1.23787093
 1.24305296 1.24798226 1.24085522 1.23759365 2.09275818 1.23203754
 1.2385242  1.23406029]
Mean:
1.2869644284248352
Std:
0.18536898003835459
Errors:
[1.46347642 1.4887476  1.4879396  1.47875333 1.50031686 1.48680449
 1.48163676 1.48270607 1.53371644 1.51661015 1.48220253 1.54797339
 1.48358393 1.46376538 1.51509976 1.47308064 1.58064389 1.4726429
 1.47791791 1.48120713]
Mean:
1.4949412584304809
Std:
0.02916742776559638
Errors:
[1.78367925 1.80508447 1.78407049 1.79632545 1.78911614 1.80880547
 1.77556372 1.77384663 1.8033998  1.78827119 1.83205724 1.79526734
 1.79920292 1.78398108 1.77449298 1.80365372 1.79674292 1.8215251
 1.85139775 1.79476595]
Mean:
1.7980624794960023
Std:
0.01900653267775325
Errors:
[2.16757679 2.15227056 2.15254593 2.17089462 2.15362978 2.15221405
 2.25456929 2.20674992 2.15197396 2.13368773 2.13945937 2.19264984
 2.29820108 2.14895701 2.15305758 2.15936375 2.15611005 2.19005489
 2.2029562  2.20639157]
Mean:
2.177165699005127
Std:
0.040036797357746394
Errors:
[2.54673696 2.66582227 2.5940721  2.62827921 2.61747813 2.56139255
 2.53226304 2.54053617 2.5341773  2.5215292  2.55821657 2.62396264
 2.53354025 2.5332303  2.56124949 2.58297253 2.54272914 2.58480978
 2.56607652 2.58737898]
Mean:
2.5708226561546326
Std:
0.03820737109757246
Errors:
[2.96871924 2.95691752 3.00875711 2.95768929 2.95127678 3.06784105
 3.02275014 2.93978167 2.98445773 2.92579365 2.94289756 2.96515608
 3.05566263 2.97305417 3.03504562 2.92592263 2.97880316 3.2802577
 3.00946927 2.95372486]
Mean:
2.995198893547058
Std:
0.0765990750911912
Errors:
[3.48050261 3.47081518 3.44626403 3.58907938 3.48763132 3.5370028
 3.60242248 3.47435331 3.48705626 3.53401303 3.49872684 3.45385575
 3.58677554 3.54644084 3.43907738 3.57547355 3.46034527 3.52171612
 3.45932627 3.55296469]
Mean:
3.510192131996155
Std:
0.05084334525011368
Errors:
[4.04756069 4.05006981 4.11757135 4.16670156 4.08631539 4.09495568
 4.16471314 4.17528439 4.09701419 3.99526072 4.12117457 4.43943954
 4.07884789 4.19913054 4.01745343 4.20892024 4.11876535 4.08237958
 4.05121231 4.1087358 ]
Mean:
4.121075308322906
Std:
0.0921692517749853
