Errors:
[0.15055585 0.14753222 0.15366769 0.14870358 0.15828586 0.14817095
 0.14829946 0.15197778 0.21865177 0.15588188 0.15147567 0.15102768
 0.15179706 0.14830136 0.1504364  0.14897227 0.15154076 0.16916609
 0.15134168 0.15056419]
Mean:
0.15531750917434692
Std:
0.015272371252799899
Errors:
[0.21149921 0.7244606  0.20905185 0.20941138 0.20930028 0.21650028
 0.21997523 0.20953155 0.20910811 0.20971203 0.22420669 0.21348763
 0.24829412 0.21986723 0.2126739  0.21070385 0.22081017 0.21139908
 0.22089338 0.21013761]
Mean:
0.24105120897293092
Std:
0.11125554836692027
Errors:
[0.29484034 0.36549807 0.3025465  0.29112315 0.30226183 0.3016746
 0.37032747 0.4155004  0.50140095 0.3695538  0.37226701 0.37296653
 0.37909198 0.39834309 0.36078191 0.31024504 0.3409164  0.36716366
 0.37256384 0.38228559]
Mean:
0.3585676074028015
Std:
0.04898335261535153
Errors:
[0.52244377 0.52127767 0.51944304 0.55490303 0.4530077  0.41801286
 0.42360735 0.41554499 0.42000413 0.42605782 0.41820526 0.51701641
 0.41744304 0.43016768 0.5151403  0.42567611 0.45893598 0.42631674
 0.42519188 0.41440296]
Mean:
0.4561399340629578
Std:
0.04695964584217202
Errors:
[0.54303288 0.54000759 0.5880115  0.81318164 0.69083619 0.67604089
 0.68729901 0.63977718 0.61004043 0.70079422 0.66698503 0.76140571
 0.66907048 0.59402204 0.59982181 0.70181942 0.69156623 0.76781511
 0.7556746  0.59015489]
Mean:
0.6643678426742554
Std:
0.07404641612762138
Errors:
[0.87280893 0.83582807 0.72839642 0.75304365 0.71478724 0.8113687
 0.89037013 0.93715382 0.88113475 0.73309064 0.69983077 0.71682739
 0.73094225 0.71279335 0.70250797 0.80042338 0.90389585 0.89780331
 0.87486815 0.83605838]
Mean:
0.8016966581344604
Std:
0.0791779571731962
Errors:
[1.16278934 1.14787841 1.09794021 1.08058691 0.99930954 0.92345953
 0.93756509 0.94767094 1.12272739 1.13860798 1.07214022 1.02650928
 1.39855075 1.12134171 1.01563025 1.33696246 1.12264132 1.04323983
 0.93245673 0.95206356]
Mean:
1.0790035724639893
Std:
0.12317167566172038
Errors:
[1.19112325 1.1730063  1.19132733 1.16427851 1.17255449 1.17077231
 1.18251872 1.21640301 1.26014733 1.51422811 1.41230726 1.41165137
 1.41312265 1.37423658 1.21170139 1.27619147 1.21915555 1.30308986
 1.40981627 1.20944166]
Mean:
1.2738536715507507
Std:
0.10590312300705919
Errors:
[1.98989964 1.91330218 1.95574212 1.96296048 2.05542397 2.24486256
 1.91000676 1.96447277 1.91624236 1.9834342  1.92072725 1.89784503
 1.85339332 1.93991351 1.98647809 1.943156   1.89149714 1.92642593
 1.92414761 1.86583328]
Mean:
1.9522882103919983
Std:
0.08101828293738139
Errors:
[2.31513953 2.41032934 2.27409005 2.3038547  2.41479921 2.38574576
 2.36737943 2.36170077 2.25302768 2.42495489 2.31381273 2.27171445
 2.37938738 2.32679319 2.27019191 3.36588454 2.22124338 2.26439786
 2.40057468 2.32689857]
Mean:
2.3825960040092466
Std:
0.23309468470374392
