Errors:
[7.78082275 7.26377797 7.31303263 7.16106391 7.46655416 7.07878995
 7.10531712 7.34431958 7.00526047 7.43591976 7.29609108 7.15924335
 6.86568666 7.24015856 7.12257624 6.9164052  7.08719587 7.01151967
 7.41915822 6.92348814]
Mean:
7.1998190641403195
Std:
0.21774571879241222
Errors:
[8.07218957 7.74203825 8.4712069  7.86768126 7.94129944 7.73818111
 7.9295392  8.67583394 7.96365428 7.86060119 8.18592525 8.06428623
 9.14441609 7.88618588 7.90889525 9.43869162 7.83349323 7.98761082
 7.93321085 7.80517197]
Mean:
8.122505617141723
Std:
0.45140805189419864
Errors:
[9.03650975 8.94413781 9.14239955 8.6270535  8.56484199 8.81757927
 8.53177118 8.48852468 8.6875236  8.60217524 8.34970355 8.67629647
 8.93695068 8.76364708 9.44700694 8.65549254 9.00331163 8.84271646
 9.14301658 8.70274758]
Mean:
8.7981703042984
Std:
0.25962247802680105
Errors:
[ 9.73234415 10.07540369 10.09921551 10.55304575  9.99799132  9.70073605
  9.70673847 10.18315983 10.20317793  9.67847276  9.64942455  9.54338002
  9.67446756  9.58666968 10.066576   11.70692992  9.54937243 10.13110185
  9.69530392 10.86047244]
Mean:
10.019699192047119
Std:
0.515694055117934
Errors:
[11.18205309 11.12614989 10.43892646 11.56734133 10.70346713 10.85934925
 11.34922647 10.84543443 15.83755565 10.78940463 10.8112638  11.36046219
 10.63887024 10.93401933 11.0043571  10.60213304 10.98728132 11.20391178
 11.378829   10.50143147]
Mean:
11.206073379516601
Std:
1.1051862855703978
