Errors:
[4.72633505 4.05432773 3.49820638 3.59848762 3.45714045 3.33006072
 3.72486711 3.53266549 3.24296856 3.66639543 3.72290421 3.72128391
 3.55100799 3.69736409 3.43504429 3.72190452 3.37275481 3.6569922
 4.31330442 3.30492735]
Mean:
3.666447114944458
Std:
0.3447398759234393
Errors:
[3.87944579 4.39398932 4.00815201 4.18412566 4.63356519 4.36781263
 3.77348042 3.81389761 4.4170146  4.27878761 4.02936578 4.38041139
 3.90733647 4.63225365 4.08989501 4.29676533 4.37271595 4.09219813
 4.10820413 4.8350265 ]
Mean:
4.224722158908844
Std:
0.2805744795982679
Errors:
[4.62765956 4.63195324 4.89369559 4.35998726 5.0915885  5.03565478
 4.63716984 5.06215596 5.07155108 9.06138349 4.31483126 4.69460034
 4.90404081 5.46695852 4.81841397 4.99713683 4.70635772 4.85173535
 7.36490607 5.22907925]
Mean:
5.191042971611023
Std:
1.0767223434201756
Errors:
[6.03849888 5.24347091 6.33588719 6.74746323 5.56253219 6.12300467
 6.00897002 5.66011071 5.37807202 6.26185966 6.20925546 6.08512926
 6.88939738 6.14430356 5.49875736 7.93608999 6.44527698 5.66141248
 5.22511983 5.65334678]
Mean:
6.055397927761078
Std:
0.6267988174723265
Errors:
[15.9057827   6.58004737 11.90734506  7.97912908  7.8525939   6.61446595
  6.54332519  8.74995327  7.1000638   8.05557036  6.63790512  7.6400876
  7.28952003  6.8704288   6.42939878  7.19027376  5.57389402  6.69728994
  7.78607035  6.93665957]
Mean:
7.816990232467651
Std:
2.238323394695941
