Errors:
[4.10490274 3.87312508 4.01561713 3.94317746 4.47752142 3.809587
 3.8095119  3.9297905  4.12349439 3.9536252  3.89267206 3.90417957
 4.02870345 3.79202151 4.73840952 3.90564561 4.12664747 3.9066596
 3.82399487 4.14675784]
Mean:
4.015302217006683
Std:
0.22858156001330393
Errors:
[4.42921972 4.41528225 4.8632741  4.34575629 4.36320877 4.48334241
 4.32036376 5.19778347 4.46888614 4.50326204 4.44698358 4.73428202
 4.47722411 4.55274081 4.4321146  4.52963495 4.45500302 4.47656345
 4.43988371 4.36359477]
Mean:
4.514920198917389
Std:
0.19923767464938488
Errors:
[5.42979312 4.92266679 5.58847141 5.27445149 4.85065746 4.96524549
 5.02393436 6.16176009 4.80108976 5.71246362 6.18330812 5.39888144
 5.10833716 4.79745913 5.47246933 5.28507328 4.96425438 4.93209624
 6.14992619 4.97106385]
Mean:
5.299670135974884
Std:
0.4462541653210391
Errors:
[5.51223326 5.69660044 6.14877844 5.59105158 5.99048734 7.56442237
 5.69265962 5.57533026 5.5480094  5.77811408 5.4251399  5.7695291
 5.75728536 5.4660666  6.06859469 6.25684905 6.01479673 5.87757826
 6.04377365 5.86160064]
Mean:
5.881945037841797
Std:
0.45005392454441556
Errors:
[6.77771044 6.18252182 7.14040565 6.57322192 6.44356155 6.52432227
 6.47765589 6.24551773 6.21946764 6.26530528 6.13173795 7.16674805
 9.39081192 6.86005545 6.21456957 6.29958439 6.87765884 8.19117355
 6.36686182 7.09753847]
Mean:
6.772321510314941
Std:
0.7706732811399165
