Errors:
[0.14178085 0.14066982 0.14017153 0.13976622 0.13876009 0.1446898
 0.14299488 0.14033842 0.13987136 0.13896823 0.1438942  0.13978386
 0.75319648 0.1421144  0.14409566 0.14016199 0.14037395 0.1403954
 0.14222074 0.14004207]
Mean:
0.17171449661254884
Std:
0.13341155267398022
Errors:
[0.21424723 0.21641469 0.21782327 0.21242189 0.21610475 0.21409559
 0.21387386 0.21550798 0.21349669 0.21506429 0.21512556 0.21701956
 0.21717858 0.21763253 0.21299672 0.21538615 0.21864963 0.28507614
 0.2304194  0.21964622]
Mean:
0.21990903615951538
Std:
0.015401793818152059
Errors:
[0.34763646 0.35199261 0.35263729 0.35824752 0.34617877 0.35403371
 0.36626744 0.34696937 0.34434795 0.44919276 0.34250283 0.3393805
 0.34689188 0.34463882 0.50574541 0.3447938  0.34258199 0.3411386
 0.34018755 0.35595918]
Mean:
0.36106622219085693
Std:
0.04035319917297074
Errors:
[0.55934644 0.58162379 0.57706356 0.56493831 0.55413079 0.68762159
 0.56066465 0.57269239 0.58426118 0.55610466 0.57374811 0.56089711
 0.55061674 0.55927396 0.55595875 0.60378432 0.55967236 0.56275153
 0.5631218  0.55896401]
Mean:
0.5723618030548095
Std:
0.029192981790421305
Errors:
[0.86875057 0.89884067 1.06816864 0.86007857 0.85585999 0.86621714
 0.84959745 0.83505797 0.85033154 0.86223698 0.83682299 0.99820518
 0.85246563 0.8678906  0.83816767 0.8548615  0.83437157 0.86201048
 0.84217334 0.8817935 ]
Mean:
0.8741950988769531
Std:
0.056341579067380965
Errors:
[1.32468081 1.28309774 1.29447627 1.2930007  1.28346753 1.28610301
 1.30011582 1.28971124 1.29755163 1.30889297 1.28518033 1.25604677
 1.28771973 1.26038694 1.33218837 1.3217864  1.29208899 1.31672692
 1.33603907 1.26321149]
Mean:
1.2956236362457276
Std:
0.021937990843601554
Errors:
[1.92901635 1.92178059 1.86808825 1.91999269 1.85917163 1.93059063
 1.94285583 1.88452029 1.99773002 1.88512278 1.80906415 1.87539816
 1.89017367 1.87474442 1.84850144 1.8947556  1.87763882 1.85066652
 1.92146993 1.89870977]
Mean:
1.8939995765686035
Std:
0.040094142651593986
Errors:
[2.64596367 2.72123289 2.71987844 2.70159864 2.67028165 2.88213372
 2.78337359 2.78529477 2.73258543 2.67274642 2.74493217 2.70198512
 2.72123218 2.90187812 3.20464396 3.08655858 2.80277157 2.7599237
 2.69138932 2.9814086 ]
Mean:
2.7955906271934508
Std:
0.14349968265156063
Errors:
[5.61647606 5.83991218 5.30615211 5.27641582 5.3228519  5.32311845
 5.38158298 5.30498457 5.32247353 5.18643355 5.67607594 5.32102275
 5.2540381  5.45174289 5.21560931 5.39148521 5.51827979 5.44413614
 5.27165556 5.40823865]
Mean:
5.391634273529053
Std:
0.15951556603829542
Errors:
[6.15223145 6.31234694 6.03474522 6.19963241 5.99813914 6.0078485
 6.42491484 6.0576086  6.03075647 6.02082205 6.04013038 6.04782033
 6.19568348 6.20461988 6.05878377 6.03690195 6.03047371 6.08090758
 6.45828748 6.37912178]
Mean:
6.138588798046112
Std:
0.1437159456768676
