Errors:
[2.27100372 2.67332983 2.10065389 2.51434898 2.40746689 2.20822549
 2.4728291  2.34986424 2.32457137 2.23079157 2.19763112 2.47691274
 2.13059115 2.25762701 2.24135184 2.24643493 2.22743201 2.26133752
 2.16989064 2.28045988]
Mean:
2.3021376967430114
Std:
0.1389573353962383
Errors:
[2.69908857 2.54221559 2.72618222 2.58228064 2.75670815 3.47575998
 2.63172126 2.74983835 2.76331162 2.52854419 2.79170537 3.28689694
 2.59890938 2.52030873 3.0069859  2.93122244 2.90807128 3.38915706
 2.61414218 3.67749691]
Mean:
2.8590273380279543
Std:
0.33191791906121276
Errors:
[3.05690956 3.23805809 3.0378952  3.0980556  3.12211919 3.05466413
 3.15012074 3.27791095 2.9059248  3.07588983 3.41084623 3.62285495
 3.21442533 2.99136686 3.32758498 3.11973262 2.94140935 2.99397039
 3.11139536 3.01685047]
Mean:
3.1383992314338682
Std:
0.16744571179841936
Errors:
[3.45930052 3.62264299 4.10582399 3.6502676  3.45287538 3.57389927
 5.22394562 5.65845299 3.70236635 3.70654845 5.25826049 3.58762217
 3.62621546 4.32749748 3.62615395 6.60506988 3.64443326 3.50754499
 3.79139256 3.61670637]
Mean:
4.087350988388062
Std:
0.8603935970043525
Errors:
[ 4.13516998  4.27793121  4.68352532  4.91548181  4.17363977  5.28629208
  4.4155786   5.32207346  4.1703732   4.6310358  10.15759921  4.10878968
  4.53099704  5.16514421  4.38787842  5.91539001  4.51762772  4.55714297
  4.71580863  4.68161917]
Mean:
4.9374549150466915
Std:
1.2806013303411807
