Errors:
[0.41037416 0.14024591 0.13567233 0.13210487 0.6456964  0.13031745
 0.13322735 0.12852049 0.13406777 0.14787507 0.12993741 0.13173175
 0.13059521 0.12929869 0.12901211 0.13216138 0.13341784 0.13175344
 0.14244819 0.13787913]
Mean:
0.17331684827804567
Std:
0.12404779516761227
Errors:
[0.17020273 0.17224383 0.17404604 0.17554092 0.16892076 0.17309594
 0.17116594 0.17731977 0.19796729 0.17331553 0.17064404 0.17296576
 0.16892767 0.16951632 0.16954446 0.17033076 0.16896296 0.17129302
 0.17509222 0.16653514]
Mean:
0.172881555557251
Std:
0.0063108067357975335
Errors:
[0.22358465 0.2548089  0.21871519 0.32826543 0.21507382 0.26044273
 0.22881818 0.24956632 0.22472525 0.2314961  0.23136711 0.22338963
 0.22482848 0.21889544 0.24311996 0.22134161 0.22131133 0.22357893
 0.23088074 0.21603584]
Mean:
0.2345122814178467
Std:
0.024851493939615783
Errors:
[0.30926895 0.29845262 0.3022933  0.28963566 0.29778814 0.2858727
 0.28765726 0.28765011 0.31609559 0.29330802 0.28006005 0.2944901
 0.28762794 0.28245687 0.30668497 0.28653646 0.30158424 0.29415822
 0.2902658  0.32298112]
Mean:
0.2957434058189392
Std:
0.011013786281697907
Errors:
[0.35628819 0.39968419 0.36849332 0.38733983 0.39579487 0.42561221
 0.3597393  0.38031292 0.35794783 0.37401986 0.36845732 0.39603519
 0.37311554 0.52367139 0.35875058 0.36724591 0.36562657 0.39544797
 0.37519217 0.37737536]
Mean:
0.3853075265884399
Std:
0.036058196933730836
Errors:
[0.49792671 0.47023678 0.43703532 0.46046734 0.45369434 0.45095825
 0.6123805  0.45868444 1.05227828 0.4469924  0.45766878 0.46301508
 0.45331192 0.57210064 0.44339561 0.44268894 0.48050427 0.52171135
 0.57197332 0.48694849]
Mean:
0.5116986393928528
Std:
0.13296913320301237
Errors:
[0.69896889 0.63477254 0.71841741 0.64468122 0.58857679 0.6023221
 0.65390897 0.59804535 0.63121724 0.71806049 0.55169177 0.58509636
 0.60986352 0.59460235 0.57160735 0.5704596  0.57550383 0.55455899
 0.59088469 0.60642314]
Mean:
0.6149831295013428
Std:
0.048806840430666396
Errors:
[0.76030993 0.78507566 0.71158576 0.72832584 0.71439505 0.73875952
 0.93024659 0.81308722 0.69694853 0.72255158 0.69604611 0.71436691
 0.71370602 0.74412513 0.71548438 0.71058488 0.73365402 0.7487607
 0.73743916 0.74895859]
Mean:
0.743220579624176
Std:
0.05123404539892282
Errors:
[0.86448121 0.8901     1.19550967 0.97173595 1.00714231 1.04904556
 1.0838995  1.03504992 0.91647577 0.95817947 1.0664916  1.08243608
 1.02621484 0.93117189 0.98403287 1.01423812 1.00349307 1.06590033
 1.32703018 0.96678519]
Mean:
1.0219706773757935
Std:
0.10216835128381103
Errors:
[1.63147688 1.24540114 1.51096129 1.26294351 1.3118875  1.30153728
 1.23156762 1.2199862  1.28821754 1.27226543 1.20100641 1.22298908
 1.36957812 1.20333052 2.3559761  1.19067979 1.13255215 1.32075071
 1.25668406 1.24101233]
Mean:
1.3385401844978333
Std:
0.2580643279515772
