Errors:
[0.32544851 0.32513118 0.32739758 0.32788086 0.322474   0.32468057
 0.35769677 0.83310461 0.32558298 0.36707783 0.36949682 0.34332085
 0.32655072 0.32416463 0.32214022 0.3363533  0.32515168 0.3227365
 0.33954    0.32423329]
Mean:
0.35850814580917356
Std:
0.10982896581016875
Errors:
[0.385221   0.37834072 0.37913775 0.37953448 0.37506986 0.38319826
 0.38475227 0.38489771 0.42632818 0.37869978 1.63557625 0.38154268
 0.37829661 0.38219666 0.3772893  0.37656069 0.37855363 0.55129766
 0.3852644  0.38384056]
Mean:
0.4542799234390259
Std:
0.2736602248955584
Errors:
[0.45994735 0.47195816 0.44581699 0.445122   0.44993186 0.45547605
 0.44840384 0.45902061 0.46741652 0.44508815 0.44140625 0.47534943
 0.44627237 0.46318817 0.44348168 0.44822502 0.44592118 0.48680711
 0.45062947 0.44529772]
Mean:
0.4547379970550537
Std:
0.012162686440096557
Errors:
[0.52839446 0.58827639 0.55489135 0.55905604 0.53225732 0.5261271
 0.52381992 0.52639508 0.53566551 0.52961493 0.5462718  0.52864432
 0.52529025 0.5324223  0.53587413 0.52576399 0.53503084 0.52479887
 0.54278588 0.5376122 ]
Mean:
0.536949634552002
Std:
0.015200366265592128
Errors:
[0.64387321 2.42040491 0.64153814 0.64753199 0.62688041 0.63129616
 0.63170624 0.63298321 0.6392777  0.63826251 0.63370347 0.62881422
 0.63597822 0.63078237 0.62395811 0.65303373 0.62364006 0.63027382
 0.66121268 0.64058208]
Mean:
0.7257866621017456
Std:
0.3888832634414322
Errors:
[0.74670815 0.7623353  0.78545284 0.76328588 0.7855165  0.74411488
 0.75956202 0.76318765 0.76471734 0.77272916 0.792871   0.7931807
 0.75235057 0.76460481 0.85634732 0.74772763 0.79408455 0.92761517
 0.76503634 0.76437473]
Mean:
0.7802901268005371
Std:
0.041653783306589774
Errors:
[0.93525028 0.91131306 0.96509004 0.92546105 0.92429042 0.92131996
 0.93860078 0.92594433 1.049196   0.94167662 0.92748332 0.94486952
 0.92839718 0.91421247 0.9798615  0.91067624 0.916677   0.97505784
 0.95830345 0.9566071 ]
Mean:
0.9425144076347352
Std:
0.031697342219340945
Errors:
[1.10436964 1.16665244 1.18853259 1.12299156 1.1986115  1.11238599
 1.38490868 1.14232635 1.14310431 1.22496557 1.13670397 1.16562724
 1.11934638 1.12210774 1.22022963 1.09831405 1.12889624 1.16898155
 1.18099904 1.31240726]
Mean:
1.172123086452484
Std:
0.06976971461595959
Errors:
[1.46615982 1.48907757 1.42378783 1.47256255 1.40759277 1.62181282
 1.52367401 1.57247329 1.4379425  1.50959921 1.41668344 1.68125463
 1.46043038 1.41335082 1.41326022 1.39326453 1.98511124 1.40596509
 1.4387548  1.39862657]
Mean:
1.4965692043304444
Std:
0.13540895984365262
Errors:
[1.944906   1.89216208 1.66645384 1.84657145 1.72155356 1.78317833
 1.71953034 1.77066922 1.83265924 1.88882565 2.3577559  1.76222801
 1.74176359 1.91912055 2.00895596 1.74594736 1.70617867 2.52792621
 1.98753047 1.84198785]
Mean:
1.883295214176178
Std:
0.21044664495684423
