Errors:
[3.42458081 2.84598231 2.86930084 2.83934999 2.92293358 2.85948324
 2.87782764 2.97088552 2.84307122 2.87250042 2.91226625 3.05897903
 3.09744167 2.89251375 2.87051916 2.90001011 2.9607749  2.75063753
 3.08921003 3.07385826]
Mean:
2.9466063141822816
Std:
0.14288542789007055
Errors:
[3.22097373 3.22916055 3.5917697  3.67301655 3.26656795 3.42151523
 3.51395798 3.21512413 4.4935441  3.19365573 3.19120789 3.63558507
 3.45908952 3.25644994 4.71672297 3.26076722 3.26839519 3.50644588
 3.21346855 3.35111046]
Mean:
3.4839264154434204
Std:
0.40482706289858833
Errors:
[3.97320342 3.90705609 3.65550613 3.87216878 3.57224274 3.45880675
 3.50338173 3.82919884 4.08368802 3.86919689 3.6556108  4.02944446
 3.58523965 3.693717   4.72367501 5.16116977 3.78811407 3.93723297
 4.21715832 3.57455707]
Mean:
3.90451842546463
Std:
0.4044838058055615
Errors:
[ 4.29952002  4.53293133 10.98276138  4.36847186  4.34074974  4.43232775
  4.74032903  9.56205034  4.15324497  3.4846828   4.0659976   4.52888775
  4.53952217  4.26967716  4.69580817  4.32638526  6.41503787  5.5045619
  4.44434547  5.24095035]
Mean:
5.146412146091461
Std:
1.8184040230326308
Errors:
[ 4.31917048  4.00730395  4.69365907  4.5857892   5.73619175  4.5011003
  5.25058079  4.65335369  5.3427434   5.01540208  6.51377106  5.69372392
 10.43177199  5.68630052  5.73891377  4.27712655  4.8945682   5.25585866
  5.03853965  5.04145098]
Mean:
5.333866000175476
Std:
1.3128754137291898
