Errors:
[1.44583273 1.28420019 1.25858831 1.31323934 1.36208797 1.26899338
 1.37957382 1.34071112 1.28120899 1.37551332 1.24411297 1.34869599
 1.28044295 1.3350234  1.30208707 1.30011559 1.22396898 1.25725269
 1.32139015 1.29806828]
Mean:
1.3110553622245789
Std:
0.05244098922911971
Errors:
[1.19485664 1.23670316 1.1693716  1.29305363 1.30920267 1.2238338
 1.21338582 1.28975177 1.07995725 1.27646327 1.1969533  1.23242736
 1.20832348 1.26894665 1.27418017 1.26981258 1.29541087 1.20506597
 1.13482594 1.21184349]
Mean:
1.2292184710502625
Std:
0.05685862044640441
Errors:
[1.15471172 1.16810966 1.17501116 1.13681984 1.07063603 1.15396309
 1.20870924 1.17338204 1.18908024 1.16867542 1.2250607  1.13026881
 1.12830257 1.24875998 1.12889242 1.11210752 1.13723159 1.10830474
 1.14809942 1.11536813]
Mean:
1.1540747165679932
Std:
0.04137321747190306
Errors:
[1.31390572 1.33494878 1.31426072 1.2799468  1.28289914 1.3137517
 1.35528278 1.28902769 1.28815842 1.27322102 1.28356099 1.28253484
 1.27555704 1.29111671 1.37942934 1.30473089 1.31323361 1.26929212
 1.27256775 1.25397062]
Mean:
1.2985698342323304
Std:
0.030055965046221208
Errors:
[1.50284147 1.50694489 1.6185112  1.4627533  1.50020385 1.4965353
 1.52292991 1.4907527  1.4918282  1.5222187  1.51576066 1.51256442
 1.49348497 1.50728512 1.50628543 1.50893283 1.51553893 1.51767993
 1.4922595  1.48733115]
Mean:
1.5086321234703064
Std:
0.02879025950804134
Errors:
[1.8224771  1.77449226 1.76589584 1.73972011 1.8149097  1.84339976
 1.74733901 1.77941823 1.75428057 1.7451818  1.76193976 1.74442291
 1.80881119 1.72847009 1.81033969 1.77903414 1.7684083  1.84213996
 1.76240277 1.78563333]
Mean:
1.7789358258247376
Std:
0.033277894526157946
Errors:
[2.08103013 2.06015658 2.05280232 2.08628845 2.08182788 2.03162408
 2.02387857 2.04618406 2.0736537  2.05025697 2.18380713 2.47419119
 2.02736306 2.12251377 2.0514009  2.15037537 2.04273629 2.09273148
 2.03581262 2.06944942]
Mean:
2.0919041991233827
Std:
0.09644358583673944
Errors:
[2.57285881 2.4060061  2.46918583 2.39761519 2.41933322 2.44562435
 2.41563916 2.37993336 2.40948701 2.42346263 2.35501957 2.35989022
 2.39720726 2.46944594 2.40215182 2.39056087 2.39246225 2.39136624
 2.40020967 2.40226889]
Mean:
2.414986419677734
Std:
0.04618046647473678
Errors:
[2.81471968 2.78743649 2.79487085 2.78725076 2.83377266 2.83801842
 2.74622464 2.77146602 2.77757764 2.77956963 3.17218924 2.82695961
 2.79923487 2.76636147 2.76220822 2.82122731 2.84229875 2.76737142
 2.82550716 2.85103154]
Mean:
2.8182648181915284
Std:
0.08645075639649132
Errors:
[3.21849179 3.48783708 3.29730535 3.28419566 3.44450331 3.31645632
 3.38932133 3.31288576 3.29464865 3.35707355 3.21532917 3.60180283
 3.238837   3.36484528 3.40633965 4.66128063 3.38953471 3.33575773
 3.27290463 3.33752751]
Mean:
3.4113438963890075
Std:
0.30073635153712364
