Errors:
[1.64129472 1.61914372 1.67813897 1.70233393 1.79523849 1.85238504
 2.06842613 1.7807529  1.84549618 1.63145947 2.83928633 1.96921229
 1.5324831  1.60367918 2.9576993  1.67299557 1.98119807 1.63993692
 1.69922972 1.94163322]
Mean:
1.8726011633872985
Std:
0.370570751428058
Errors:
[2.07572269 2.20928121 2.00620747 1.9741137  1.98612618 1.80903459
 1.93327165 2.34676766 1.88203311 2.0023582  2.33124161 1.84663081
 1.91525388 2.03577924 2.15119481 2.00592256 2.0806756  2.06837821
 2.27410841 2.37580061]
Mean:
2.0654951095581056
Std:
0.1630762505128126
Errors:
[2.26056504 2.43544674 2.50331426 2.33028603 2.30069208 3.07443261
 2.45291758 2.24060655 2.23040962 2.17454314 2.46713781 2.36925173
 2.18324208 2.17471695 2.30233693 2.30537748 2.38392782 2.4340446
 2.39460063 2.45420289]
Mean:
2.3736026287078857
Std:
0.18985270789032457
Errors:
[2.57670999 3.29905629 3.58505535 3.46296406 3.2018013  2.71902251
 2.97511172 2.59567595 3.19570088 2.83941841 4.49034333 2.56900072
 3.05613065 2.83761001 3.91324306 2.6485157  3.70833635 2.65022588
 2.66413498 2.90552402]
Mean:
3.094679057598114
Std:
0.5066349324489976
Errors:
[4.26257801 3.27898216 3.13057709 3.06058216 3.54884171 3.19905567
 3.55985785 3.41230154 3.68119121 4.06117725 4.40650892 3.31733179
 6.61609983 3.6574173  3.3046937  3.86257887 3.63025022 3.89389944
 3.76693773 3.68130708]
Mean:
3.766608476638794
Std:
0.7425009546297563
