Errors:
[0.36015487 0.35409427 0.35530567 0.35437131 0.35569882 0.35968733
 0.35623932 0.35503912 0.36408234 0.35515523 0.35884738 0.41181087
 0.3531611  0.35770988 0.41390157 0.35299921 0.37063694 0.36113572
 0.36745095 0.3580482 ]
Mean:
0.3637765049934387
Std:
0.016980474192003665
Errors:
[0.46290493 0.4535675  0.4497695  0.43868637 0.44220352 0.45946717
 0.47019458 0.43858123 0.45726895 1.60747862 0.47189379 0.56575489
 0.43749976 0.45196939 0.45450974 0.458215   0.43891239 0.44508362
 0.46304417 0.44119334]
Mean:
0.5154099225997925
Std:
0.25196802103425264
Errors:
[0.6112628  0.62456465 0.56489062 0.60070634 0.59473777 0.60917807
 0.62209296 0.56018209 0.60467052 0.53908587 0.58023381 0.56827211
 0.57483888 0.56036925 0.56696343 0.5764277  0.80227804 0.59017515
 0.5565629  0.60709333]
Mean:
0.5957293152809143
Std:
0.052780034645726205
Errors:
[0.96492219 0.76941323 0.69899511 0.80045462 0.72554851 0.79488468
 0.81864715 0.79267859 0.78132343 0.71203279 0.73913097 0.72572732
 0.74618435 0.84747529 0.77731371 0.71521688 0.78818059 0.8009994
 0.70195031 0.74175668]
Mean:
0.7721417903900146
Std:
0.060039193838945286
Errors:
[0.9290421  1.25005579 1.15675926 1.07031941 0.92053008 0.97198677
 1.23843527 1.0007081  1.00347733 0.95963359 1.02210617 1.13294148
 0.97929502 0.91351056 1.04803991 0.96856666 0.93029332 0.90160632
 1.00436425 0.95132613]
Mean:
1.0176498770713807
Std:
0.10068270192270524
Errors:
[1.20169234 1.57896161 1.37236238 1.30050802 1.17495847 1.42750931
 1.36975431 1.23465919 1.22239494 1.17946458 1.51140094 1.24466348
 1.19669604 1.45472789 1.22975397 1.23931503 1.36579061 1.32554674
 1.27897263 1.32598233]
Mean:
1.3117557406425475
Std:
0.11149380714373307
Errors:
[1.73998642 1.62604213 1.54993534 1.44682002 1.57972646 1.65669322
 1.45366764 1.49449015 1.59741855 1.62704849 1.62784791 1.56193304
 1.55557299 1.60530829 1.78188205 1.47362924 1.76456285 1.52833891
 1.52296758 1.60530043]
Mean:
1.5899585843086244
Std:
0.09289585396378201
Errors:
[1.87506819 2.05230474 1.9136951  2.12201953 2.34705806 2.00265718
 2.01345754 2.1597445  1.97117233 2.0508275  2.17688155 1.95626283
 2.35425425 1.82936001 2.0337739  1.91076136 2.18766928 2.06129146
 2.02823615 1.97209525]
Mean:
2.050929534435272
Std:
0.13708493736826705
Errors:
[2.19418812 2.50935817 2.34537148 2.83149934 2.61394739 2.50916195
 2.26838136 2.48448753 2.56362128 2.19062567 2.37346125 2.40168238
 2.45283842 2.64335537 2.63203001 2.51454735 2.55626774 2.58127046
 2.67958903 2.37950301]
Mean:
2.486259365081787
Std:
0.1601545697666883
Errors:
[2.86029363 3.24286962 2.73348451 3.11936998 3.13754463 3.25807357
 3.00989103 2.97039294 2.9641757  3.0330584  3.22419071 3.55510211
 3.67105865 2.98725843 2.85532522 3.03631282 3.53022504 2.8960793
 2.97500324 3.15934944]
Mean:
3.110952949523926
Std:
0.24036739736283683
