72.0,178.0
178.0,122.0
122.0,36.0
36.0,14.0
14.0,11.0
11.0,14.0
14.0,32.0
32.0,110.0
110.0,188.0
188.0,80.0
80.0,23.0
23.0,12.0
12.0,10.0
10.0,15.0
15.0,45.0
45.0,151.0
151.0,169.0
169.0,53.0
53.0,18.0
18.0,12.0
12.0,9.0
9.0,17.0
17.0,60.0
60.0,182.0
182.0,143.0
143.0,38.0
38.0,13.0
13.0,9.0
9.0,9.0
9.0,19.0
19.0,71.0
71.0,201.0
201.0,126.0
126.0,30.0
30.0,12.0
12.0,9.0
9.0,8.0
8.0,18.0
18.0,70.0
70.0,211.0
211.0,131.0
131.0,30.0
30.0,11.0
11.0,8.0
8.0,8.0
8.0,13.0
13.0,47.0
47.0,192.0
192.0,179.0
179.0,40.0
40.0,13.0
13.0,9.0
9.0,7.0
7.0,7.0
7.0,14.0
14.0,71.0
71.0,255.0
255.0,131.0
131.0,24.0
24.0,9.0
9.0,7.0
7.0,7.0
7.0,5.0
5.0,4.0
4.0,3.0
3.0,8.0
8.0,20.0
20.0,13.0
13.0,10.0
10.0,13.0
13.0,20.0
20.0,31.0
31.0,42.0
42.0,57.0
57.0,68.0
68.0,70.0
70.0,59.0
59.0,48.0
48.0,46.0
46.0,51.0
51.0,61.0
61.0,70.0
70.0,67.0
67.0,57.0
57.0,48.0
48.0,47.0
47.0,53.0
53.0,65.0
65.0,72.0
72.0,67.0
67.0,57.0
57.0,47.0
47.0,47.0
47.0,54.0
54.0,67.0
67.0,73.0
73.0,66.0
66.0,54.0
54.0,48.0
48.0,47.0
47.0,55.0
55.0,68.0
68.0,74.0
74.0,65.0
65.0,54.0
54.0,46.0
46.0,48.0
48.0,57.0
57.0,70.0
70.0,75.0
75.0,65.0
65.0,52.0
52.0,45.0
45.0,47.0
47.0,58.0
58.0,72.0
72.0,74.0
74.0,64.0
64.0,50.0
50.0,44.0
44.0,47.0
47.0,60.0
60.0,74.0
74.0,76.0
76.0,63.0
63.0,48.0
48.0,44.0
44.0,48.0
48.0,61.0
61.0,77.0
77.0,77.0
77.0,61.0
61.0,48.0
48.0,43.0
43.0,48.0
48.0,64.0
64.0,79.0
79.0,77.0
77.0,60.0
60.0,47.0
47.0,42.0
42.0,49.0
49.0,67.0
67.0,82.0
82.0,77.0
77.0,58.0
58.0,45.0
45.0,42.0
42.0,51.0
51.0,69.0
69.0,84.0
84.0,77.0
77.0,56.0
56.0,43.0
43.0,42.0
42.0,52.0
52.0,72.0
72.0,86.0
86.0,77.0
77.0,56.0
56.0,42.0
42.0,42.0
42.0,54.0
54.0,74.0
74.0,88.0
88.0,76.0
76.0,54.0
54.0,41.0
41.0,42.0
42.0,55.0
55.0,78.0
78.0,90.0
90.0,75.0
75.0,52.0
52.0,41.0
41.0,41.0
41.0,56.0
56.0,81.0
81.0,92.0
92.0,74.0
74.0,51.0
51.0,39.0
39.0,42.0
42.0,57.0
57.0,83.0
83.0,94.0
94.0,72.0
72.0,49.0
49.0,38.0
38.0,42.0
42.0,58.0
58.0,86.0
86.0,95.0
95.0,70.0
70.0,47.0
47.0,36.0
36.0,40.0
40.0,59.0
59.0,89.0
89.0,97.0
97.0,70.0
70.0,44.0
44.0,36.0
36.0,40.0
40.0,59.0
59.0,90.0
90.0,97.0
97.0,68.0
68.0,43.0
43.0,35.0
35.0,38.0
38.0,59.0
59.0,92.0
92.0,99.0
99.0,68.0
68.0,42.0
42.0,33.0
33.0,38.0
38.0,59.0
59.0,95.0
95.0,100.0
100.0,67.0
67.0,41.0
41.0,31.0
31.0,36.0
36.0,59.0
59.0,97.0
97.0,101.0
101.0,65.0
65.0,39.0
39.0,31.0
31.0,36.0
36.0,58.0
58.0,98.0
98.0,103.0
103.0,65.0
65.0,38.0
38.0,29.0
29.0,35.0
35.0,59.0
59.0,100.0
100.0,106.0
106.0,65.0
65.0,36.0
36.0,29.0
29.0,33.0
33.0,57.0
57.0,100.0
100.0,109.0
109.0,66.0
66.0,36.0
36.0,28.0
28.0,32.0
32.0,56.0
56.0,100.0
100.0,112.0
112.0,68.0
68.0,37.0
37.0,27.0
27.0,30.0
30.0,54.0
54.0,100.0
100.0,116.0
116.0,71.0
71.0,37.0
37.0,27.0
27.0,30.0
30.0,51.0
51.0,98.0
98.0,120.0
120.0,74.0
74.0,37.0
37.0,26.0
26.0,28.0
28.0,48.0
48.0,95.0
95.0,124.0
124.0,79.0
79.0,39.0
39.0,27.0
27.0,27.0
27.0,44.0
44.0,91.0
91.0,128.0
128.0,85.0
85.0,41.0
41.0,26.0
26.0,26.0
26.0,41.0
41.0,85.0
85.0,130.0
130.0,91.0
91.0,44.0
44.0,26.0
26.0,25.0
25.0,37.0
37.0,77.0
77.0,131.0
131.0,101.0
101.0,47.0
47.0,27.0
27.0,24.0
24.0,34.0
34.0,68.0
68.0,129.0
129.0,112.0
112.0,53.0
53.0,28.0
28.0,23.0
23.0,30.0
30.0,61.0
61.0,123.0
123.0,123.0
123.0,60.0
60.0,30.0
30.0,22.0
22.0,26.0
26.0,52.0
52.0,113.0
113.0,133.0
133.0,68.0
68.0,31.0
31.0,21.0
21.0,24.0
24.0,44.0
44.0,101.0
101.0,140.0
140.0,81.0
81.0,34.0
34.0,21.0
21.0,21.0
21.0,36.0
36.0,86.0
86.0,144.0
144.0,95.0
95.0,39.0
39.0,22.0
22.0,19.0
19.0,30.0
30.0,71.0
71.0,140.0
140.0,114.0
114.0,48.0
48.0,23.0
23.0,19.0
19.0,25.0
25.0,55.0
55.0,127.0
127.0,133.0
133.0,60.0
60.0,26.0
26.0,18.0
18.0,21.0
21.0,42.0
42.0,107.0
107.0,147.0
147.0,76.0
76.0,31.0
31.0,18.0
18.0,19.0
19.0,32.0
32.0,84.0
84.0,152.0
152.0,99.0
99.0,39.0
39.0,19.0
19.0,17.0
17.0,26.0
26.0,62.0
62.0,143.0
143.0,127.0
127.0,51.0
51.0,23.0
23.0,17.0
17.0,21.0
21.0,44.0
44.0,118.0
118.0,152.0
152.0,71.0
71.0,27.0
27.0,16.0
16.0,18.0
18.0,33.0
33.0,88.0
88.0,160.0
160.0,99.0
99.0,37.0
37.0,19.0
19.0,17.0
17.0,24.0
24.0,61.0
61.0,146.0
146.0,135.0
135.0,52.0
52.0,23.0
23.0,15.0
15.0,19.0
19.0,40.0
40.0,111.0
111.0,162.0
162.0,77.0
77.0,29.0
29.0,17.0
17.0,16.0
16.0,27.0
27.0,75.0
75.0,163.0
163.0,118.0
118.0,42.0
42.0,20.0
20.0,16.0
16.0,20.0
20.0,46.0
46.0,130.0
130.0,160.0
160.0,65.0
65.0,24.0
24.0,15.0
15.0,16.0
16.0,29.0
29.0,83.0
83.0,172.0
172.0,108.0
108.0,36.0
36.0,18.0
18.0,14.0
14.0,20.0
20.0,47.0
47.0,136.0
136.0,161.0
161.0,62.0
62.0,23.0
23.0,15.0
15.0,14.0
14.0,27.0
27.0,81.0
81.0,178.0
178.0,112.0
112.0,36.0
36.0,17.0
17.0,13.0
13.0,16.0
16.0,40.0
40.0,128.0
128.0,173.0
173.0,67.0
67.0,22.0
22.0,13.0
13.0,12.0
12.0,21.0
21.0,64.0
64.0,173.0
173.0,134.0
134.0,39.0
39.0,15.0
15.0,11.0
11.0,13.0
13.0,29.0
29.0,98.0
98.0,192.0
192.0,92.0
92.0,27.0
27.0,12.0
12.0,11.0
11.0,15.0
15.0,39.0
39.0,137.0
137.0,184.0
184.0,63.0
63.0,20.0
20.0,11.0
11.0,10.0
10.0,15.0
15.0,50.0
50.0,167.0
167.0,163.0
163.0,46.0
46.0,16.0
16.0,9.0
9.0,9.0
9.0,16.0
16.0,56.0
56.0,187.0
187.0,152.0
152.0,39.0
39.0,13.0
13.0,8.0
8.0,9.0
9.0,15.0
15.0,52.0
52.0,189.0
189.0,165.0
165.0,40.0
40.0,14.0
14.0,8.0
8.0,8.0
8.0,11.0
11.0,31.0
31.0,145.0
145.0,225.0
225.0,61.0
61.0,15.0
15.0,9.0
9.0,7.0
7.0,7.0
7.0,8.0
8.0,31.0
31.0,176.0
176.0,231.0
231.0,48.0
48.0,12.0
12.0,8.0
8.0,6.0
6.0,5.0
5.0,4.0
4.0,6.0
6.0,26.0
26.0,118.0
118.0,131.0
131.0,67.0
67.0,35.0
35.0,28.0
28.0,38.0
38.0,62.0
62.0,96.0
96.0,93.0
93.0,59.0
59.0,37.0
37.0,31.0
31.0,41.0
41.0,65.0
65.0,98.0
98.0,92.0
92.0,58.0
58.0,36.0
36.0,31.0
31.0,41.0
41.0,66.0
66.0,99.0
99.0,92.0
92.0,56.0
56.0,35.0
35.0,32.0
32.0,40.0
40.0,68.0
68.0,102.0
102.0,93.0
93.0,57.0
57.0,35.0
35.0,30.0
30.0,39.0
39.0,67.0
67.0,104.0
104.0,94.0
94.0,55.0
55.0,33.0
33.0,29.0
29.0,38.0
38.0,67.0
67.0,105.0
105.0,95.0
95.0,55.0
55.0,32.0
32.0,28.0
28.0,37.0
37.0,66.0
66.0,108.0
108.0,97.0
97.0,55.0
55.0,32.0
32.0,27.0
27.0,36.0
36.0,65.0
65.0,108.0
108.0,100.0
100.0,55.0
55.0,31.0
31.0,26.0
26.0,33.0
33.0,64.0
64.0,109.0
109.0,103.0
103.0,56.0
56.0,31.0
31.0,24.0
24.0,31.0
31.0,60.0
60.0,108.0
108.0,108.0
108.0,59.0
59.0,31.0
31.0,24.0
24.0,30.0
30.0,57.0
57.0,108.0
108.0,113.0
113.0,62.0
62.0,31.0
31.0,22.0
22.0,28.0
28.0,54.0
54.0,105.0
105.0,119.0
119.0,65.0
65.0,33.0
33.0,23.0
23.0,27.0
27.0,49.0
49.0,100.0
100.0,124.0
124.0,71.0
71.0,35.0
35.0,23.0
23.0,25.0
25.0,44.0
44.0,95.0
95.0,129.0
129.0,80.0
80.0,36.0
36.0,24.0
24.0,24.0
24.0,40.0
40.0,88.0
88.0,133.0
133.0,89.0
89.0,39.0
39.0,23.0
23.0,22.0
22.0,35.0
35.0,78.0
78.0,133.0
133.0,99.0
99.0,44.0
44.0,24.0
24.0,22.0
22.0,30.0
30.0,68.0
68.0,130.0
130.0,112.0
112.0,50.0
50.0,24.0
24.0,21.0
21.0,26.0
26.0,58.0
58.0,123.0
123.0,125.0
125.0,59.0
59.0,27.0
27.0,19.0
19.0,23.0
23.0,47.0
47.0,110.0
110.0,137.0
137.0,69.0
69.0,30.0
30.0,19.0
19.0,21.0
21.0,39.0
39.0,94.0
94.0,145.0
145.0,84.0
84.0,34.0
34.0,19.0
19.0,18.0
18.0,32.0
32.0,76.0
76.0,144.0
144.0,105.0
105.0,41.0
41.0,21.0
21.0,17.0
17.0,25.0
25.0,59.0
59.0,133.0
133.0,125.0
125.0,52.0
52.0,23.0
23.0,16.0
16.0,20.0
20.0,44.0
44.0,115.0
115.0,144.0
144.0,67.0
67.0,26.0
26.0,16.0
16.0,18.0
18.0,34.0
34.0,90.0
90.0,154.0
154.0,91.0
91.0,33.0
33.0,17.0
17.0,15.0
15.0,26.0
26.0,66.0
66.0,146.0
146.0,120.0
120.0,45.0
45.0,19.0
19.0,14.0
14.0,19.0
19.0,45.0
45.0,122.0
122.0,146.0
146.0,64.0
64.0,24.0
24.0,15.0
15.0,16.0
16.0,31.0
31.0,89.0
89.0,160.0
160.0,92.0
92.0,32.0
32.0,16.0
16.0,14.0
14.0,23.0
23.0,61.0
61.0,147.0
147.0,129.0
129.0,47.0
47.0,20.0
20.0,14.0
14.0,17.0
17.0,39.0
39.0,113.0
113.0,162.0
162.0,74.0
74.0,27.0
27.0,14.0
14.0,15.0
15.0,26.0
26.0,74.0
74.0,164.0
164.0,115.0
115.0,39.0
39.0,18.0
18.0,14.0
14.0,19.0
19.0,44.0
44.0,128.0
128.0,158.0
158.0,64.0
64.0,23.0
23.0,14.0
14.0,15.0
15.0,27.0
27.0,81.0
81.0,171.0
171.0,109.0
109.0,36.0
36.0,16.0
16.0,13.0
13.0,18.0
18.0,44.0
44.0,133.0
133.0,164.0
164.0,63.0
63.0,22.0
22.0,13.0
13.0,13.0
13.0,24.0
24.0,75.0
75.0,175.0
175.0,118.0
118.0,35.0
35.0,15.0
15.0,11.0
11.0,15.0
15.0,36.0
36.0,121.0
121.0,179.0
179.0,72.0
72.0,23.0
23.0,12.0
12.0,11.0
11.0,18.0
18.0,57.0
57.0,166.0
166.0,145.0
145.0,44.0
44.0,15.0
15.0,10.0
10.0,12.0
12.0,24.0
24.0,86.0
86.0,194.0
194.0,105.0
105.0,28.0
28.0,13.0
13.0,10.0
10.0,12.0
12.0,32.0
32.0,117.0
117.0,195.0
195.0,76.0
76.0,21.0
21.0,11.0
11.0,9.0
9.0,13.0
13.0,37.0
37.0,142.0
142.0,188.0
188.0,59.0
59.0,17.0
17.0,9.0
9.0,7.0
7.0,12.0
12.0,38.0
38.0,154.0
154.0,190.0
190.0,53.0
53.0,14.0
14.0,8.0
8.0,7.0
7.0,10.0
10.0,29.0
29.0,135.0
135.0,218.0
218.0,64.0
64.0,16.0
16.0,8.0
8.0,6.0
6.0,7.0
7.0,14.0
14.0,65.0
65.0,237.0
237.0,139.0
139.0,25.0
25.0,8.0
8.0,6.0
6.0,4.0
4.0,4.0
4.0,5.0
5.0,19.0
19.0,126.0
126.0,252.0
252.0,70.0
70.0,16.0
16.0,9.0
9.0,7.0
7.0,10.0
10.0,29.0
29.0,114.0
114.0,191.0
191.0,78.0
78.0,23.0
23.0,13.0
13.0,12.0
12.0,20.0
20.0,58.0
58.0,156.0
156.0,138.0
138.0,46.0
46.0,17.0
17.0,12.0
12.0,16.0
16.0,36.0
36.0,110.0
110.0,173.0
173.0,78.0
78.0,25.0
25.0,13.0
13.0,13.0
13.0,22.0
22.0,62.0
62.0,161.0
161.0,133.0
133.0,44.0
44.0,16.0
16.0,12.0
12.0,15.0
15.0,33.0
33.0,107.0
107.0,178.0
178.0,81.0
81.0,25.0
25.0,13.0
13.0,11.0
11.0,18.0
18.0,55.0
55.0,157.0
157.0,147.0
147.0,47.0
47.0,16.0
16.0,11.0
11.0,12.0
12.0,26.0
26.0,89.0
89.0,187.0
187.0,101.0
101.0,28.0
28.0,13.0
13.0,9.0
9.0,14.0
14.0,37.0
37.0,129.0
129.0,180.0
180.0,65.0
65.0,20.0
20.0,11.0
11.0,10.0
10.0,16.0
16.0,53.0
53.0,167.0
167.0,155.0
155.0,43.0
43.0,14.0
14.0,9.0
9.0,9.0
9.0,19.0
19.0,68.0
68.0,193.0
193.0,128.0
128.0,32.0
32.0,13.0
13.0,8.0
8.0,9.0
9.0,20.0
20.0,77.0
77.0,208.0
208.0,116.0
116.0,28.0
28.0,10.0
10.0,8.0
8.0,8.0
8.0,16.0
16.0,68.0
68.0,214.0
214.0,130.0
130.0,28.0
28.0,9.0
9.0,6.0
6.0,6.0
6.0,9.0
9.0,37.0
37.0,176.0
176.0,199.0
199.0,45.0
45.0,11.0
11.0,7.0
7.0,5.0
5.0,4.0
4.0,7.0
7.0,33.0
33.0,188.0
188.0,221.0
221.0,42.0
42.0,9.0
9.0,6.0
6.0,5.0
5.0,3.0
3.0,3.0
3.0,6.0
6.0,39.0
39.0,145.0
145.0,129.0
129.0,54.0
54.0,27.0
27.0,23.0
23.0,32.0
32.0,64.0
64.0,107.0
107.0,97.0
97.0,53.0
53.0,30.0
30.0,26.0
26.0,36.0
36.0,66.0
66.0,107.0
107.0,96.0
96.0,53.0
53.0,31.0
31.0,26.0
26.0,35.0
35.0,66.0
66.0,108.0
108.0,98.0
98.0,54.0
54.0,30.0
30.0,25.0
25.0,33.0
33.0,64.0
64.0,110.0
110.0,101.0
101.0,54.0
54.0,30.0
30.0,24.0
24.0,32.0
32.0,62.0
62.0,109.0
109.0,104.0
104.0,57.0
57.0,30.0
30.0,24.0
24.0,30.0
30.0,59.0
59.0,108.0
108.0,109.0
109.0,59.0
59.0,30.0
30.0,23.0
23.0,29.0
29.0,55.0
55.0,106.0
106.0,115.0
115.0,62.0
62.0,31.0
31.0,22.0
22.0,26.0
26.0,51.0
51.0,103.0
103.0,120.0
120.0,68.0
68.0,32.0
32.0,22.0
22.0,24.0
24.0,46.0
46.0,97.0
97.0,126.0
126.0,74.0
74.0,35.0
35.0,22.0
22.0,22.0
22.0,40.0
40.0,89.0
89.0,129.0
129.0,82.0
82.0,36.0
36.0,21.0
21.0,21.0
21.0,35.0
35.0,81.0
81.0,132.0
132.0,92.0
92.0,40.0
40.0,22.0
22.0,20.0
20.0,31.0
31.0,71.0
71.0,130.0
130.0,103.0
103.0,45.0
45.0,22.0
22.0,19.0
19.0,27.0
27.0,60.0
60.0,125.0
125.0,116.0
116.0,52.0
52.0,24.0
24.0,18.0
18.0,24.0
24.0,51.0
51.0,115.0
115.0,131.0
131.0,63.0
63.0,27.0
27.0,17.0
17.0,21.0
21.0,41.0
41.0,101.0
101.0,140.0
140.0,77.0
77.0,31.0
31.0,18.0
18.0,19.0
19.0,34.0
34.0,84.0
84.0,145.0
145.0,94.0
94.0,37.0
37.0,20.0
20.0,17.0
17.0,28.0
28.0,67.0
67.0,140.0
140.0,116.0
116.0,47.0
47.0,22.0
22.0,17.0
17.0,22.0
22.0,53.0
53.0,123.0
123.0,137.0
137.0,60.0
60.0,24.0
24.0,16.0
16.0,19.0
19.0,38.0
38.0,101.0
101.0,151.0
151.0,80.0
80.0,31.0
31.0,17.0
17.0,16.0
16.0,28.0
28.0,77.0
77.0,152.0
152.0,107.0
107.0,39.0
39.0,19.0
19.0,15.0
15.0,22.0
22.0,54.0
54.0,136.0
136.0,136.0
136.0,55.0
55.0,22.0
22.0,16.0
16.0,17.0
17.0,37.0
37.0,104.0
104.0,157.0
157.0,78.0
78.0,29.0
29.0,16.0
16.0,15.0
15.0,26.0
26.0,73.0
73.0,157.0
157.0,113.0
113.0,40.0
40.0,18.0
18.0,14.0
14.0,20.0
20.0,47.0
47.0,130.0
130.0,149.0
149.0,60.0
60.0,22.0
22.0,13.0
13.0,15.0
15.0,29.0
29.0,91.0
91.0,167.0
167.0,94.0
94.0,31.0
31.0,14.0
14.0,12.0
12.0,20.0
20.0,54.0
54.0,147.0
147.0,139.0
139.0,50.0
50.0,19.0
19.0,13.0
13.0,15.0
15.0,32.0
32.0,100.0
100.0,172.0
172.0,85.0
85.0,27.0
27.0,14.0
14.0,11.0
11.0,20.0
20.0,57.0
57.0,155.0
155.0,139.0
139.0,46.0
46.0,17.0
17.0,12.0
12.0,14.0
14.0,31.0
31.0,99.0
99.0,179.0
179.0,88.0
88.0,27.0
27.0,13.0
13.0,11.0
11.0,18.0
18.0,51.0
51.0,151.0
151.0,152.0
152.0,50.0
50.0,18.0
18.0,11.0
11.0,12.0
12.0,25.0
25.0,83.0
83.0,185.0
185.0,107.0
107.0,32.0
32.0,14.0
14.0,12.0
12.0,14.0
14.0,37.0
37.0,125.0
125.0,182.0
182.0,70.0
70.0,21.0
21.0,12.0
12.0,11.0
11.0,17.0
17.0,51.0
51.0,164.0
164.0,157.0
157.0,48.0
48.0,15.0
15.0,10.0
10.0,10.0
10.0,19.0
19.0,68.0
68.0,192.0
192.0,130.0
130.0,35.0
35.0,12.0
12.0,9.0
9.0,10.0
10.0,21.0
21.0,80.0
80.0,206.0
206.0,114.0
114.0,27.0
27.0,12.0
12.0,9.0
9.0,9.0
9.0,19.0
19.0,77.0
77.0,216.0
216.0,119.0
119.0,27.0
27.0,11.0
11.0,7.0
7.0,7.0
7.0,12.0
12.0,51.0
51.0,200.0
200.0,168.0
168.0,35.0
35.0,11.0
11.0,7.0
7.0,5.0
5.0,5.0
5.0,14.0
14.0,73.0
73.0,255.0
255.0,123.0
123.0,21.0
21.0,8.0
8.0,6.0
6.0,4.0
4.0,4.0
4.0,2.0
2.0,3.0
3.0,18.0
18.0,71.0
71.0,64.0
64.0,43.0
43.0,35.0
35.0,37.0
37.0,48.0
48.0,64.0
64.0,76.0
76.0,69.0
69.0,53.0
53.0,42.0
42.0,41.0
41.0,51.0
51.0,68.0
68.0,77.0
77.0,69.0
69.0,53.0
53.0,43.0
43.0,44.0
44.0,54.0
54.0,71.0
71.0,79.0
79.0,68.0
68.0,51.0
51.0,42.0
42.0,43.0
43.0,56.0
56.0,73.0
73.0,80.0
80.0,67.0
67.0,51.0
51.0,42.0
42.0,44.0
44.0,56.0
56.0,76.0
76.0,80.0
80.0,67.0
67.0,48.0
48.0,41.0
41.0,43.0
43.0,58.0
58.0,78.0
78.0,82.0
82.0,64.0
64.0,46.0
46.0,39.0
39.0,44.0
44.0,59.0
59.0,81.0
81.0,83.0
83.0,63.0
63.0,45.0
45.0,38.0
38.0,44.0
44.0,62.0
62.0,84.0
84.0,83.0
83.0,62.0
62.0,43.0
43.0,38.0
38.0,44.0
44.0,64.0
64.0,86.0
86.0,83.0
83.0,59.0
59.0,41.0
41.0,37.0
37.0,44.0
44.0,65.0
65.0,89.0
89.0,83.0
83.0,57.0
57.0,40.0
40.0,35.0
35.0,44.0
44.0,67.0
67.0,92.0
92.0,83.0
83.0,56.0
56.0,38.0
38.0,35.0
35.0,45.0
45.0,70.0
70.0,94.0
94.0,84.0
84.0,55.0
55.0,37.0
37.0,34.0
34.0,45.0
45.0,72.0
72.0,97.0
97.0,83.0
83.0,53.0
53.0,36.0
36.0,34.0
34.0,44.0
44.0,73.0
73.0,99.0
99.0,83.0
83.0,51.0
51.0,34.0
34.0,33.0
33.0,46.0
46.0,75.0
75.0,101.0
101.0,83.0
83.0,50.0
50.0,34.0
34.0,31.0
31.0,45.0
45.0,76.0
76.0,104.0
104.0,84.0
84.0,50.0
50.0,33.0
33.0,30.0
30.0,43.0
43.0,77.0
77.0,107.0
107.0,85.0
85.0,48.0
48.0,31.0
31.0,30.0
30.0,43.0
43.0,77.0
77.0,108.0
108.0,86.0
86.0,48.0
48.0,30.0
30.0,29.0
29.0,42.0
42.0,76.0
76.0,111.0
111.0,87.0
87.0,48.0
48.0,30.0
30.0,27.0
27.0,40.0
40.0,76.0
76.0,113.0
113.0,90.0
90.0,48.0
48.0,29.0
29.0,28.0
28.0,39.0
39.0,73.0
73.0,115.0
115.0,93.0
93.0,49.0
49.0,28.0
28.0,25.0
25.0,36.0
36.0,71.0
71.0,116.0
116.0,97.0
97.0,50.0
50.0,28.0
28.0,25.0
25.0,35.0
35.0,68.0
68.0,116.0
116.0,102.0
102.0,52.0
52.0,30.0
30.0,24.0
24.0,32.0
32.0,64.0
64.0,116.0
116.0,108.0
108.0,56.0
56.0,29.0
29.0,23.0
23.0,30.0
30.0,59.0
59.0,114.0
114.0,115.0
115.0,61.0
61.0,30.0
30.0,22.0
22.0,27.0
27.0,53.0
53.0,108.0
108.0,121.0
121.0,64.0
64.0,32.0
32.0,22.0
22.0,26.0
26.0,47.0
47.0,102.0
102.0,129.0
129.0,73.0
73.0,33.0
33.0,22.0
22.0,24.0
24.0,42.0
42.0,93.0
93.0,134.0
134.0,82.0
82.0,37.0
37.0,22.0
22.0,22.0
22.0,37.0
37.0,84.0
84.0,136.0
136.0,94.0
94.0,41.0
41.0,23.0
23.0,22.0
22.0,32.0
32.0,73.0
73.0,134.0
134.0,108.0
108.0,47.0
47.0,24.0
24.0,20.0
20.0,27.0
27.0,60.0
60.0,127.0
127.0,123.0
123.0,56.0
56.0,27.0
27.0,19.0
19.0,24.0
24.0,49.0
49.0,114.0
114.0,136.0
136.0,68.0
68.0,29.0
29.0,20.0
20.0,21.0
21.0,39.0
39.0,97.0
97.0,147.0
147.0,84.0
84.0,34.0
34.0,19.0
19.0,19.0
19.0,32.0
32.0,79.0
79.0,146.0
146.0,103.0
103.0,40.0
40.0,21.0
21.0,17.0
17.0,25.0
25.0,60.0
60.0,135.0
135.0,125.0
125.0,53.0
53.0,23.0
23.0,16.0
16.0,21.0
21.0,44.0
44.0,115.0
115.0,147.0
147.0,69.0
69.0,27.0
27.0,18.0
18.0,19.0
19.0,33.0
33.0,89.0
89.0,156.0
156.0,93.0
93.0,36.0
36.0,19.0
19.0,16.0
16.0,25.0
25.0,65.0
65.0,145.0
145.0,124.0
124.0,48.0
48.0,21.0
21.0,15.0
15.0,20.0
20.0,45.0
45.0,120.0
120.0,152.0
152.0,68.0
68.0,26.0
26.0,16.0
16.0,17.0
17.0,31.0
31.0,87.0
87.0,163.0
163.0,99.0
99.0,35.0
35.0,17.0
17.0,15.0
15.0,23.0
23.0,58.0
58.0,144.0
144.0,138.0
138.0,53.0
53.0,21.0
21.0,15.0
15.0,17.0
17.0,36.0
36.0,106.0
106.0,166.0
166.0,81.0
81.0,28.0
28.0,16.0
16.0,15.0
15.0,24.0
24.0,67.0
67.0,160.0
160.0,125.0
125.0,43.0
43.0,19.0
19.0,14.0
14.0,18.0
18.0,40.0
40.0,118.0
118.0,167.0
167.0,72.0
72.0,25.0
25.0,14.0
14.0,14.0
14.0,24.0
24.0,70.0
70.0,167.0
167.0,123.0
123.0,40.0
40.0,17.0
17.0,14.0
14.0,16.0
16.0,38.0
38.0,119.0
119.0,174.0
174.0,73.0
73.0,25.0
25.0,14.0
14.0,13.0
13.0,21.0
21.0,64.0
64.0,167.0
167.0,134.0
134.0,41.0
41.0,17.0
17.0,12.0
12.0,14.0
14.0,30.0
30.0,103.0
103.0,185.0
185.0,88.0
88.0,26.0
26.0,15.0
15.0,10.0
10.0,15.0
15.0,46.0
46.0,148.0
148.0,166.0
166.0,55.0
55.0,18.0
18.0,11.0
11.0,11.0
11.0,20.0
20.0,67.0
67.0,184.0
184.0,131.0
131.0,36.0
36.0,13.0
13.0,10.0
10.0,11.0
11.0,24.0
24.0,90.0
90.0,200.0
200.0,101.0
101.0,26.0
26.0,12.0
12.0,9.0
9.0,11.0
11.0,27.0
27.0,110.0
110.0,207.0
207.0,84.0
84.0,21.0
21.0,10.0
10.0,8.0
8.0,10.0
10.0,27.0
27.0,114.0
114.0,216.0
216.0,80.0
80.0,20.0
20.0,10.0
10.0,8.0
8.0,9.0
9.0,20.0
20.0,88.0
88.0,232.0
232.0,106.0
106.0,23.0
23.0,10.0
10.0,5.0
5.0,5.0
5.0,9.0
9.0,32.0
32.0,165.0
165.0,224.0
224.0,51.0
51.0,12.0
12.0,7.0
7.0,6.0
6.0,4.0
4.0,4.0
4.0,4.0
4.0,16.0
16.0,104.0
104.0,159.0
159.0,65.0
65.0,28.0
28.0,22.0
22.0,31.0
31.0,61.0
61.0,106.0
106.0,98.0
98.0,57.0
57.0,31.0
31.0,27.0
27.0,36.0
36.0,65.0
65.0,103.0
103.0,96.0
96.0,54.0
54.0,32.0
32.0,27.0
27.0,36.0
36.0,64.0
64.0,104.0
104.0,97.0
97.0,55.0
55.0,33.0
33.0,27.0
27.0,36.0
36.0,64.0
64.0,106.0
106.0,100.0
100.0,57.0
57.0,32.0
32.0,26.0
26.0,35.0
35.0,63.0
63.0,107.0
107.0,102.0
102.0,57.0
57.0,32.0
32.0,25.0
25.0,33.0
33.0,60.0
60.0,108.0
108.0,106.0
106.0,59.0
59.0,32.0
32.0,25.0
25.0,31.0
31.0,58.0
58.0,107.0
107.0,111.0
111.0,61.0
61.0,32.0
32.0,24.0
24.0,30.0
30.0,55.0
55.0,105.0
105.0,115.0
115.0,64.0
64.0,32.0
32.0,23.0
23.0,27.0
27.0,49.0
49.0,101.0
101.0,121.0
121.0,69.0
69.0,33.0
33.0,23.0
23.0,25.0
25.0,46.0
46.0,96.0
96.0,125.0
125.0,75.0
75.0,35.0
35.0,22.0
22.0,24.0
24.0,41.0
41.0,89.0
89.0,129.0
129.0,83.0
83.0,38.0
38.0,23.0
23.0,22.0
22.0,36.0
36.0,81.0
81.0,132.0
132.0,93.0
93.0,41.0
41.0,23.0
23.0,21.0
21.0,32.0
32.0,72.0
72.0,131.0
131.0,104.0
104.0,46.0
46.0,24.0
24.0,20.0
20.0,28.0
28.0,62.0
62.0,126.0
126.0,117.0
117.0,53.0
53.0,25.0
25.0,19.0
19.0,25.0
25.0,53.0
53.0,117.0
117.0,129.0
129.0,64.0
64.0,28.0
28.0,19.0
19.0,22.0
22.0,43.0
43.0,102.0
102.0,140.0
140.0,77.0
77.0,32.0
32.0,19.0
19.0,20.0
20.0,35.0
35.0,87.0
87.0,145.0
145.0,94.0
94.0,38.0
38.0,20.0
20.0,19.0
19.0,29.0
29.0,69.0
69.0,141.0
141.0,114.0
114.0,46.0
46.0,22.0
22.0,17.0
17.0,24.0
24.0,54.0
54.0,126.0
126.0,133.0
133.0,59.0
59.0,25.0
25.0,17.0
17.0,21.0
21.0,41.0
41.0,106.0
106.0,150.0
150.0,77.0
77.0,31.0
31.0,18.0
18.0,18.0
18.0,31.0
31.0,80.0
80.0,152.0
152.0,102.0
102.0,38.0
38.0,19.0
19.0,16.0
16.0,24.0
24.0,59.0
59.0,139.0
139.0,130.0
130.0,52.0
52.0,22.0
22.0,15.0
15.0,19.0
19.0,42.0
42.0,112.0
112.0,154.0
154.0,73.0
73.0,28.0
28.0,15.0
15.0,16.0
16.0,28.0
28.0,80.0
80.0,158.0
158.0,105.0
105.0,36.0
36.0,18.0
18.0,15.0
15.0,22.0
22.0,54.0
54.0,138.0
138.0,142.0
142.0,54.0
54.0,22.0
22.0,14.0
14.0,16.0
16.0,34.0
34.0,101.0
101.0,164.0
164.0,85.0
85.0,29.0
29.0,16.0
16.0,14.0
14.0,23.0
23.0,64.0
64.0,157.0
157.0,127.0
127.0,45.0
45.0,18.0
18.0,14.0
14.0,17.0
17.0,39.0
39.0,116.0
116.0,166.0
166.0,73.0
73.0,25.0
25.0,15.0
15.0,14.0
14.0,24.0
24.0,70.0
70.0,165.0
165.0,121.0
121.0,39.0
39.0,17.0
17.0,13.0
13.0,16.0
16.0,39.0
39.0,120.0
120.0,170.0
170.0,71.0
71.0,24.0
24.0,14.0
14.0,13.0
13.0,22.0
22.0,67.0
67.0,168.0
168.0,129.0
129.0,41.0
41.0,16.0
16.0,12.0
12.0,16.0
16.0,35.0
35.0,110.0
110.0,183.0
183.0,81.0
81.0,25.0
25.0,13.0
13.0,12.0
12.0,18.0
18.0,53.0
53.0,157.0
157.0,153.0
153.0,49.0
49.0,17.0
17.0,11.0
11.0,12.0
12.0,23.0
23.0,80.0
80.0,190.0
190.0,113.0
113.0,32.0
32.0,14.0
14.0,10.0
10.0,13.0
13.0,31.0
31.0,111.0
111.0,195.0
195.0,80.0
80.0,22.0
22.0,11.0
11.0,9.0
9.0,13.0
13.0,39.0
39.0,142.0
142.0,185.0
185.0,60.0
60.0,18.0
18.0,9.0
9.0,9.0
9.0,13.0
13.0,43.0
43.0,160.0
160.0,180.0
180.0,51.0
51.0,15.0
15.0,8.0
8.0,9.0
9.0,12.0
12.0,38.0
38.0,158.0
158.0,195.0
195.0,55.0
55.0,15.0
15.0,8.0
8.0,6.0
6.0,9.0
9.0,23.0
23.0,110.0
110.0,239.0
239.0,83.0
83.0,17.0
17.0,8.0
8.0,6.0
6.0,5.0
5.0,7.0
7.0,24.0
24.0,142.0
142.0,253.0
253.0,62.0
62.0,13.0
13.0,6.0
6.0,5.0
5.0,4.0
4.0,3.0
3.0,4.0
4.0,21.0
21.0,116.0
116.0,165.0
165.0,74.0
74.0,29.0
29.0,19.0
19.0,24.0
24.0,45.0
45.0,97.0
97.0,122.0
122.0,71.0
71.0,34.0
34.0,22.0
22.0,26.0
26.0,46.0
46.0,95.0
95.0,121.0
121.0,74.0
74.0,36.0
36.0,23.0
23.0,25.0
25.0,44.0
44.0,91.0
91.0,124.0
124.0,80.0
80.0,37.0
37.0,24.0
24.0,24.0
24.0,40.0
40.0,87.0
87.0,127.0
127.0,86.0
86.0,38.0
38.0,23.0
23.0,23.0
23.0,36.0
36.0,78.0
78.0,129.0
129.0,94.0
94.0,43.0
43.0,24.0
24.0,21.0
21.0,32.0
32.0,71.0
71.0,127.0
127.0,103.0
103.0,47.0
47.0,24.0
24.0,20.0
20.0,29.0
29.0,63.0
63.0,124.0
124.0,115.0
115.0,53.0
53.0,26.0
26.0,20.0
20.0,25.0
25.0,54.0
54.0,117.0
117.0,125.0
125.0,61.0
61.0,28.0
28.0,19.0
19.0,22.0
22.0,45.0
45.0,104.0
104.0,136.0
136.0,73.0
73.0,30.0
30.0,19.0
19.0,20.0
20.0,37.0
37.0,89.0
89.0,142.0
142.0,87.0
87.0,36.0
36.0,21.0
21.0,19.0
19.0,31.0
31.0,75.0
75.0,141.0
141.0,104.0
104.0,42.0
42.0,21.0
21.0,18.0
18.0,25.0
25.0,60.0
60.0,131.0
131.0,124.0
124.0,53.0
53.0,23.0
23.0,17.0
17.0,21.0
21.0,47.0
47.0,115.0
115.0,140.0
140.0,68.0
68.0,27.0
27.0,17.0
17.0,18.0
18.0,35.0
35.0,93.0
93.0,152.0
152.0,88.0
88.0,33.0
33.0,18.0
18.0,17.0
17.0,27.0
27.0,70.0
70.0,146.0
146.0,114.0
114.0,43.0
43.0,19.0
19.0,15.0
15.0,22.0
22.0,50.0
50.0,127.0
127.0,140.0
140.0,59.0
59.0,24.0
24.0,16.0
16.0,18.0
18.0,36.0
36.0,98.0
98.0,157.0
157.0,84.0
84.0,30.0
30.0,16.0
16.0,15.0
15.0,26.0
26.0,69.0
69.0,153.0
153.0,117.0
117.0,43.0
43.0,19.0
19.0,14.0
14.0,19.0
19.0,45.0
45.0,125.0
125.0,149.0
149.0,63.0
63.0,23.0
23.0,14.0
14.0,16.0
16.0,31.0
31.0,89.0
89.0,164.0
164.0,95.0
95.0,33.0
33.0,16.0
16.0,13.0
13.0,21.0
21.0,56.0
56.0,145.0
145.0,139.0
139.0,51.0
51.0,20.0
20.0,13.0
13.0,16.0
16.0,33.0
33.0,101.0
101.0,169.0
169.0,83.0
83.0,28.0
28.0,14.0
14.0,13.0
13.0,21.0
21.0,60.0
60.0,156.0
156.0,133.0
133.0,45.0
45.0,18.0
18.0,12.0
12.0,14.0
14.0,33.0
33.0,107.0
107.0,173.0
173.0,82.0
82.0,25.0
25.0,13.0
13.0,12.0
12.0,19.0
19.0,58.0
58.0,158.0
158.0,140.0
140.0,44.0
44.0,17.0
17.0,11.0
11.0,13.0
13.0,30.0
30.0,96.0
96.0,182.0
182.0,91.0
91.0,28.0
28.0,13.0
13.0,11.0
11.0,17.0
17.0,45.0
45.0,144.0
144.0,163.0
163.0,56.0
56.0,18.0
18.0,11.0
11.0,11.0
11.0,21.0
21.0,70.0
70.0,182.0
182.0,124.0
124.0,35.0
35.0,14.0
14.0,10.0
10.0,11.0
11.0,27.0
27.0,100.0
100.0,195.0
195.0,89.0
89.0,24.0
24.0,11.0
11.0,10.0
10.0,12.0
12.0,35.0
35.0,131.0
131.0,190.0
190.0,66.0
66.0,19.0
19.0,9.0
9.0,8.0
8.0,12.0
12.0,40.0
40.0,151.0
151.0,184.0
184.0,54.0
54.0,15.0
15.0,9.0
9.0,9.0
9.0,11.0
11.0,37.0
37.0,153.0
153.0,195.0
195.0,55.0
55.0,15.0
15.0,9.0
9.0,6.0
6.0,8.0
8.0,24.0
24.0,116.0
116.0,233.0
233.0,78.0
78.0,17.0
17.0,8.0
8.0,6.0
6.0,6.0
6.0,8.0
8.0,34.0
34.0,179.0
179.0,220.0
220.0,46.0
46.0,11.0
11.0,8.0
8.0,6.0
6.0,4.0
4.0,4.0
4.0,3.0
3.0,7.0
7.0,39.0
39.0,72.0
72.0,46.0
46.0,34.0
34.0,31.0
31.0,38.0
38.0,53.0
53.0,74.0
74.0,80.0
80.0,65.0
65.0,46.0
46.0,38.0
38.0,41.0
41.0,56.0
56.0,76.0
76.0,80.0
80.0,63.0
63.0,46.0
46.0,39.0
39.0,44.0
44.0,60.0
60.0,79.0
79.0,82.0
82.0,62.0
62.0,45.0
45.0,38.0
38.0,44.0
44.0,62.0
62.0,82.0
82.0,81.0
81.0,61.0
61.0,43.0
43.0,38.0
38.0,45.0
45.0,63.0
63.0,85.0
85.0,81.0
81.0,59.0
59.0,41.0
41.0,37.0
37.0,45.0
45.0,66.0
66.0,88.0
88.0,82.0
82.0,57.0
57.0,40.0
40.0,37.0
37.0,46.0
46.0,68.0
68.0,90.0
90.0,81.0
81.0,55.0
55.0,39.0
39.0,36.0
36.0,45.0
45.0,70.0
70.0,93.0
93.0,81.0
81.0,53.0
53.0,38.0
38.0,35.0
35.0,46.0
46.0,72.0
72.0,95.0
95.0,81.0
81.0,52.0
52.0,36.0
36.0,35.0
35.0,46.0
46.0,74.0
74.0,98.0
98.0,81.0
81.0,50.0
50.0,34.0
34.0,34.0
34.0,46.0
46.0,76.0
76.0,100.0
100.0,81.0
81.0,50.0
50.0,34.0
34.0,34.0
34.0,46.0
46.0,77.0
77.0,102.0
102.0,82.0
82.0,48.0
48.0,33.0
33.0,32.0
32.0,46.0
46.0,79.0
79.0,105.0
105.0,82.0
82.0,47.0
47.0,32.0
32.0,31.0
31.0,45.0
45.0,79.0
79.0,107.0
107.0,83.0
83.0,47.0
47.0,31.0
31.0,30.0
30.0,44.0
44.0,80.0
80.0,111.0
111.0,86.0
86.0,47.0
47.0,31.0
31.0,30.0
30.0,44.0
44.0,80.0
80.0,113.0
113.0,87.0
87.0,47.0
47.0,29.0
29.0,29.0
29.0,43.0
43.0,79.0
79.0,115.0
115.0,89.0
89.0,47.0
47.0,29.0
29.0,27.0
27.0,40.0
40.0,78.0
78.0,117.0
117.0,91.0
91.0,48.0
48.0,28.0
28.0,26.0
26.0,39.0
39.0,75.0
75.0,118.0
118.0,97.0
97.0,49.0
49.0,28.0
28.0,25.0
25.0,35.0
35.0,70.0
70.0,119.0
119.0,101.0
101.0,51.0
51.0,29.0
29.0,24.0
24.0,33.0
33.0,65.0
65.0,118.0
118.0,107.0
107.0,55.0
55.0,28.0
28.0,23.0
23.0,30.0
30.0,61.0
61.0,114.0
114.0,114.0
114.0,59.0
59.0,29.0
29.0,22.0
22.0,28.0
28.0,54.0
54.0,110.0
110.0,122.0
122.0,64.0
64.0,32.0
32.0,22.0
22.0,26.0
26.0,48.0
48.0,104.0
104.0,128.0
128.0,72.0
72.0,33.0
33.0,22.0
22.0,23.0
23.0,41.0
41.0,94.0
94.0,134.0
134.0,81.0
81.0,35.0
35.0,21.0
21.0,22.0
22.0,36.0
36.0,83.0
83.0,136.0
136.0,93.0
93.0,40.0
40.0,22.0
22.0,20.0
20.0,32.0
32.0,71.0
71.0,135.0
135.0,107.0
107.0,46.0
46.0,23.0
23.0,20.0
20.0,27.0
27.0,59.0
59.0,127.0
127.0,122.0
122.0,56.0
56.0,25.0
25.0,19.0
19.0,24.0
24.0,49.0
49.0,115.0
115.0,137.0
137.0,68.0
68.0,28.0
28.0,18.0
18.0,21.0
21.0,39.0
39.0,96.0
96.0,146.0
146.0,84.0
84.0,34.0
34.0,19.0
19.0,19.0
19.0,32.0
32.0,77.0
77.0,146.0
146.0,106.0
106.0,41.0
41.0,21.0
21.0,17.0
17.0,25.0
25.0,59.0
59.0,135.0
135.0,128.0
128.0,54.0
54.0,24.0
24.0,17.0
17.0,21.0
21.0,44.0
44.0,113.0
113.0,148.0
148.0,72.0
72.0,28.0
28.0,18.0
18.0,19.0
19.0,33.0
33.0,88.0
88.0,156.0
156.0,97.0
97.0,36.0
36.0,19.0
19.0,16.0
16.0,25.0
25.0,63.0
63.0,144.0
144.0,127.0
127.0,50.0
50.0,22.0
22.0,16.0
16.0,20.0
20.0,43.0
43.0,117.0
117.0,153.0
153.0,71.0
71.0,27.0
27.0,16.0
16.0,16.0
16.0,29.0
29.0,83.0
83.0,160.0
160.0,102.0
102.0,36.0
36.0,17.0
17.0,15.0
15.0,22.0
22.0,55.0
55.0,140.0
140.0,140.0
140.0,54.0
54.0,22.0
22.0,14.0
14.0,16.0
16.0,34.0
34.0,101.0
101.0,166.0
166.0,85.0
85.0,29.0
29.0,15.0
15.0,14.0
14.0,23.0
23.0,63.0
63.0,155.0
155.0,129.0
129.0,45.0
45.0,18.0
18.0,14.0
14.0,17.0
17.0,37.0
37.0,112.0
112.0,169.0
169.0,76.0
76.0,26.0
26.0,13.0
13.0,14.0
14.0,23.0
23.0,67.0
67.0,163.0
163.0,127.0
127.0,41.0
41.0,17.0
17.0,13.0
13.0,16.0
16.0,35.0
35.0,113.0
113.0,175.0
175.0,77.0
77.0,25.0
25.0,13.0
13.0,12.0
12.0,20.0
20.0,60.0
60.0,163.0
163.0,140.0
140.0,46.0
46.0,18.0
18.0,12.0
12.0,14.0
14.0,29.0
29.0,98.0
98.0,185.0
185.0,93.0
93.0,27.0
27.0,14.0
14.0,12.0
12.0,17.0
17.0,43.0
43.0,142.0
142.0,171.0
171.0,59.0
59.0,19.0
19.0,12.0
12.0,12.0
12.0,20.0
20.0,63.0
63.0,179.0
179.0,136.0
136.0,38.0
38.0,15.0
15.0,11.0
11.0,11.0
11.0,24.0
24.0,87.0
87.0,200.0
200.0,106.0
106.0,27.0
27.0,13.0
13.0,9.0
9.0,11.0
11.0,27.0
27.0,105.0
105.0,207.0
207.0,86.0
86.0,23.0
23.0,11.0
11.0,8.0
8.0,11.0
11.0,27.0
27.0,111.0
111.0,215.0
215.0,82.0
82.0,21.0
21.0,10.0
10.0,9.0
9.0,9.0
9.0,20.0
20.0,90.0
90.0,230.0
230.0,103.0
103.0,24.0
24.0,10.0
10.0,8.0
8.0,7.0
7.0,10.0
10.0,38.0
38.0,182.0
182.0,206.0
206.0,45.0
45.0,12.0
12.0,7.0
7.0,5.0
5.0,5.0
5.0,4.0
4.0,10.0
10.0,58.0
58.0,246.0
246.0,138.0
138.0,27.0
27.0,10.0
10.0,8.0
8.0,9.0
9.0,22.0
22.0,84.0
84.0,189.0
189.0,105.0
105.0,29.0
29.0,14.0
14.0,10.0
10.0,17.0
17.0,43.0
43.0,132.0
132.0,157.0
157.0,60.0
60.0,22.0
22.0,13.0
13.0,14.0
14.0,28.0
28.0,87.0
87.0,171.0
171.0,99.0
99.0,32.0
32.0,15.0
15.0,13.0
13.0,19.0
19.0,50.0
50.0,142.0
142.0,150.0
150.0,54.0
54.0,19.0
19.0,12.0
12.0,13.0
13.0,29.0
29.0,89.0
89.0,177.0
177.0,97.0
97.0,30.0
30.0,14.0
14.0,12.0
12.0,17.0
17.0,48.0
48.0,142.0
142.0,158.0
158.0,56.0
56.0,19.0
19.0,12.0
12.0,12.0
12.0,25.0
25.0,78.0
78.0,180.0
180.0,112.0
112.0,34.0
34.0,15.0
15.0,11.0
11.0,15.0
15.0,37.0
37.0,122.0
122.0,181.0
181.0,71.0
71.0,22.0
22.0,12.0
12.0,11.0
11.0,18.0
18.0,55.0
55.0,166.0
166.0,151.0
151.0,46.0
46.0,16.0
16.0,11.0
11.0,11.0
11.0,22.0
22.0,77.0
77.0,193.0
193.0,116.0
116.0,31.0
31.0,12.0
12.0,9.0
9.0,11.0
11.0,26.0
26.0,100.0
100.0,203.0
203.0,91.0
91.0,24.0
24.0,10.0
10.0,9.0
9.0,11.0
11.0,28.0
28.0,114.0
114.0,210.0
210.0,80.0
80.0,21.0
21.0,10.0
10.0,8.0
8.0,9.0
9.0,25.0
25.0,106.0
106.0,223.0
223.0,86.0
86.0,20.0
20.0,9.0
9.0,7.0
7.0,6.0
6.0,14.0
14.0,65.0
65.0,226.0
226.0,139.0
139.0,26.0
26.0,10.0
10.0,6.0
6.0,6.0
6.0,5.0
5.0,13.0
13.0,74.0
74.0,255.0
255.0,123.0
123.0,20.0
20.0,8.0
8.0,5.0
5.0,4.0
4.0,3.0
3.0,3.0
3.0,13.0
13.0,85.0
85.0,191.0
191.0,99.0
99.0,32.0
32.0,16.0
16.0,16.0
16.0,30.0
30.0,75.0
75.0,137.0
137.0,98.0
98.0,41.0
41.0,21.0
21.0,19.0
19.0,29.0
29.0,68.0
68.0,131.0
131.0,108.0
108.0,48.0
48.0,23.0
23.0,19.0
19.0,27.0
27.0,59.0
59.0,123.0
123.0,120.0
120.0,55.0
55.0,25.0
25.0,18.0
18.0,23.0
23.0,50.0
50.0,113.0
113.0,132.0
132.0,66.0
66.0,28.0
28.0,19.0
19.0,21.0
21.0,41.0
41.0,97.0
97.0,141.0
141.0,79.0
79.0,32.0
32.0,19.0
19.0,19.0
19.0,33.0
33.0,83.0
83.0,144.0
144.0,97.0
97.0,38.0
38.0,20.0
20.0,17.0
17.0,27.0
27.0,64.0
64.0,137.0
137.0,117.0
117.0,48.0
48.0,22.0
22.0,16.0
16.0,22.0
22.0,50.0
50.0,122.0
122.0,137.0
137.0,62.0
62.0,25.0
25.0,17.0
17.0,19.0
19.0,37.0
37.0,98.0
98.0,151.0
151.0,82.0
82.0,31.0
31.0,18.0
18.0,17.0
17.0,28.0
28.0,75.0
75.0,151.0
151.0,109.0
109.0,41.0
41.0,19.0
19.0,16.0
16.0,23.0
23.0,54.0
54.0,132.0
132.0,137.0
137.0,56.0
56.0,23.0
23.0,16.0
16.0,19.0
19.0,37.0
37.0,104.0
104.0,157.0
157.0,80.0
80.0,29.0
29.0,16.0
16.0,16.0
16.0,27.0
27.0,72.0
72.0,155.0
155.0,113.0
113.0,40.0
40.0,18.0
18.0,14.0
14.0,20.0
20.0,47.0
47.0,129.0
129.0,149.0
149.0,61.0
61.0,23.0
23.0,14.0
14.0,15.0
15.0,31.0
31.0,91.0
91.0,166.0
166.0,94.0
94.0,32.0
32.0,15.0
15.0,14.0
14.0,21.0
21.0,57.0
57.0,147.0
147.0,138.0
138.0,50.0
50.0,20.0
20.0,12.0
12.0,15.0
15.0,33.0
33.0,103.0
103.0,170.0
170.0,84.0
84.0,28.0
28.0,15.0
15.0,13.0
13.0,21.0
21.0,59.0
59.0,156.0
156.0,136.0
136.0,45.0
45.0,18.0
18.0,13.0
13.0,15.0
15.0,33.0
33.0,104.0
104.0,177.0
177.0,84.0
84.0,26.0
26.0,14.0
14.0,12.0
12.0,19.0
19.0,55.0
55.0,155.0
155.0,146.0
146.0,48.0
48.0,18.0
18.0,11.0
11.0,14.0
14.0,28.0
28.0,91.0
91.0,184.0
184.0,98.0
98.0,29.0
29.0,13.0
13.0,10.0
10.0,15.0
15.0,40.0
40.0,136.0
136.0,172.0
172.0,61.0
61.0,19.0
19.0,11.0
11.0,11.0
11.0,19.0
19.0,62.0
62.0,176.0
176.0,138.0
138.0,39.0
39.0,15.0
15.0,11.0
11.0,12.0
12.0,23.0
23.0,86.0
86.0,197.0
197.0,105.0
105.0,28.0
28.0,12.0
12.0,10.0
10.0,13.0
13.0,29.0
29.0,109.0
109.0,203.0
203.0,84.0
84.0,22.0
22.0,11.0
11.0,9.0
9.0,12.0
12.0,29.0
29.0,120.0
120.0,209.0
209.0,76.0
76.0,19.0
19.0,10.0
10.0,8.0
8.0,9.0
9.0,25.0
25.0,107.0
107.0,225.0
225.0,86.0
86.0,20.0
20.0,9.0
9.0,7.0
7.0,7.0
7.0,14.0
14.0,58.0
58.0,222.0
222.0,153.0
153.0,31.0
31.0,10.0
10.0,7.0
7.0,5.0
5.0,5.0
5.0,8.0
8.0,41.0
41.0,219.0
219.0,193.0
193.0,34.0
34.0,10.0
10.0,6.0
6.0,5.0
5.0,4.0
4.0,4.0
4.0,11.0
11.0,70.0
70.0,184.0
184.0,111.0
111.0,36.0
36.0,18.0
18.0,18.0
18.0,30.0
30.0,69.0
69.0,131.0
131.0,104.0
104.0,44.0
44.0,22.0
22.0,20.0
20.0,29.0
29.0,65.0
65.0,126.0
126.0,111.0
111.0,51.0
51.0,25.0
25.0,20.0
20.0,26.0
26.0,57.0
57.0,120.0
120.0,122.0
122.0,59.0
59.0,26.0
26.0,19.0
19.0,23.0
23.0,48.0
48.0,109.0
109.0,132.0
132.0,68.0
68.0,30.0
30.0,19.0
19.0,22.0
22.0,40.0
40.0,96.0
96.0,139.0
139.0,82.0
82.0,33.0
33.0,20.0
20.0,19.0
19.0,34.0
34.0,81.0
81.0,142.0
142.0,96.0
96.0,39.0
39.0,21.0
21.0,18.0
18.0,27.0
27.0,66.0
66.0,137.0
137.0,116.0
116.0,49.0
49.0,23.0
23.0,18.0
18.0,23.0
23.0,52.0
52.0,123.0
123.0,134.0
134.0,61.0
61.0,26.0
26.0,17.0
17.0,19.0
19.0,40.0
40.0,103.0
103.0,148.0
148.0,80.0
80.0,31.0
31.0,18.0
18.0,18.0
18.0,31.0
31.0,80.0
80.0,150.0
150.0,102.0
102.0,39.0
39.0,20.0
20.0,15.0
15.0,24.0
24.0,59.0
59.0,138.0
138.0,129.0
129.0,51.0
51.0,22.0
22.0,16.0
16.0,19.0
19.0,42.0
42.0,112.0
112.0,152.0
152.0,72.0
72.0,27.0
27.0,16.0
16.0,17.0
17.0,29.0
29.0,82.0
82.0,158.0
158.0,102.0
102.0,36.0
36.0,17.0
17.0,15.0
15.0,22.0
22.0,55.0
55.0,140.0
140.0,137.0
137.0,53.0
53.0,22.0
22.0,15.0
15.0,17.0
17.0,37.0
37.0,106.0
106.0,162.0
162.0,80.0
80.0,28.0
28.0,15.0
15.0,14.0
14.0,25.0
25.0,69.0
69.0,158.0
158.0,119.0
119.0,41.0
41.0,17.0
17.0,13.0
13.0,18.0
18.0,42.0
42.0,123.0
123.0,159.0
159.0,66.0
66.0,23.0
23.0,14.0
14.0,14.0
14.0,26.0
26.0,78.0
78.0,168.0
168.0,110.0
110.0,36.0
36.0,15.0
15.0,12.0
12.0,18.0
18.0,44.0
44.0,132.0
132.0,159.0
159.0,61.0
61.0,22.0
22.0,14.0
14.0,13.0
13.0,25.0
25.0,78.0
78.0,174.0
174.0,112.0
112.0,35.0
35.0,15.0
15.0,12.0
12.0,15.0
15.0,40.0
40.0,128.0
128.0,170.0
170.0,65.0
65.0,21.0
21.0,12.0
12.0,12.0
12.0,21.0
21.0,65.0
65.0,172.0
172.0,129.0
129.0,39.0
39.0,15.0
15.0,11.0
11.0,13.0
13.0,30.0
30.0,104.0
104.0,187.0
187.0,85.0
85.0,25.0
25.0,12.0
12.0,10.0
10.0,15.0
15.0,43.0
43.0,145.0
145.0,170.0
170.0,56.0
56.0,18.0
18.0,11.0
11.0,10.0
10.0,18.0
18.0,60.0
60.0,180.0
180.0,142.0
142.0,39.0
39.0,14.0
14.0,9.0
9.0,10.0
10.0,21.0
21.0,75.0
75.0,200.0
200.0,119.0
119.0,30.0
30.0,12.0
12.0,9.0
9.0,9.0
9.0,21.0
21.0,82.0
82.0,212.0
212.0,111.0
111.0,26.0
26.0,11.0
11.0,8.0
8.0,7.0
7.0,17.0
17.0,70.0
70.0,217.0
217.0,130.0
130.0,28.0
28.0,10.0
10.0,8.0
8.0,6.0
6.0,10.0
10.0,35.0
35.0,165.0
165.0,214.0
214.0,51.0
51.0,12.0
12.0,7.0
7.0,5.0
5.0,5.0
5.0,6.0
6.0,20.0
20.0,126.0
126.0,255.0
255.0,71.0
71.0,15.0
15.0,7.0
7.0,5.0
5.0,4.0
4.0,4.0
4.0,8.0
8.0,46.0
46.0,170.0
170.0,145.0
145.0,46.0
46.0,18.0
18.0,14.0
14.0,21.0
21.0,48.0
48.0,120.0
120.0,136.0
136.0,60.0
60.0,26.0
26.0,17.0
17.0,20.0
20.0,41.0
41.0,106.0
106.0,143.0
143.0,72.0
72.0,29.0
29.0,18.0
18.0,18.0
18.0,34.0
34.0,87.0
87.0,146.0
146.0,92.0
92.0,35.0
35.0,18.0
18.0,17.0
17.0,27.0
27.0,68.0
68.0,141.0
141.0,114.0
114.0,45.0
45.0,21.0
21.0,17.0
17.0,22.0
22.0,51.0
51.0,125.0
125.0,135.0
135.0,59.0
59.0,24.0
24.0,16.0
16.0,19.0
19.0,39.0
39.0,102.0
102.0,152.0
152.0,80.0
80.0,30.0
30.0,17.0
17.0,16.0
16.0,28.0
28.0,76.0
76.0,152.0
152.0,107.0
107.0,40.0
40.0,19.0
19.0,15.0
15.0,22.0
22.0,53.0
53.0,134.0
134.0,138.0
138.0,56.0
56.0,22.0
22.0,14.0
14.0,19.0
19.0,36.0
36.0,103.0
103.0,160.0
160.0,80.0
80.0,29.0
29.0,16.0
16.0,15.0
15.0,26.0
26.0,71.0
71.0,156.0
156.0,117.0
117.0,41.0
41.0,18.0
18.0,14.0
14.0,19.0
19.0,44.0
44.0,126.0
126.0,153.0
153.0,63.0
63.0,24.0
24.0,14.0
14.0,15.0
15.0,29.0
29.0,86.0
86.0,167.0
167.0,100.0
100.0,34.0
34.0,15.0
15.0,14.0
14.0,20.0
20.0,52.0
52.0,141.0
141.0,148.0
148.0,55.0
55.0,21.0
21.0,14.0
14.0,15.0
15.0,30.0
30.0,92.0
92.0,173.0
173.0,94.0
94.0,30.0
30.0,15.0
15.0,12.0
12.0,19.0
19.0,51.0
51.0,147.0
147.0,150.0
150.0,53.0
53.0,19.0
19.0,12.0
12.0,14.0
14.0,28.0
28.0,89.0
89.0,180.0
180.0,99.0
99.0,30.0
30.0,14.0
14.0,11.0
11.0,16.0
16.0,44.0
44.0,139.0
139.0,165.0
165.0,59.0
59.0,21.0
21.0,11.0
11.0,12.0
12.0,22.0
22.0,71.0
71.0,179.0
179.0,123.0
123.0,36.0
36.0,14.0
14.0,10.0
10.0,12.0
12.0,31.0
31.0,106.0
106.0,191.0
191.0,84.0
84.0,24.0
24.0,12.0
12.0,9.0
9.0,14.0
14.0,41.0
41.0,145.0
145.0,177.0
177.0,57.0
57.0,17.0
17.0,10.0
10.0,10.0
10.0,16.0
16.0,54.0
54.0,174.0
174.0,155.0
155.0,42.0
42.0,14.0
14.0,9.0
9.0,9.0
9.0,16.0
16.0,60.0
60.0,191.0
191.0,145.0
145.0,36.0
36.0,13.0
13.0,9.0
9.0,8.0
8.0,14.0
14.0,55.0
55.0,194.0
194.0,157.0
157.0,37.0
37.0,12.0
12.0,8.0
8.0,7.0
7.0,9.0
9.0,33.0
33.0,152.0
152.0,217.0
217.0,55.0
55.0,14.0
14.0,7.0
7.0,5.0
5.0,5.0
5.0,8.0
8.0,36.0
36.0,193.0
193.0,212.0
212.0,41.0
41.0,11.0
11.0,7.0
7.0,5.0
5.0,4.0
4.0,3.0
3.0,6.0
6.0,34.0
34.0,154.0
154.0,151.0
151.0,55.0
55.0,22.0
22.0,17.0
17.0,24.0
24.0,52.0
52.0,112.0
112.0,121.0
121.0,61.0
61.0,28.0
28.0,21.0
21.0,25.0
25.0,51.0
51.0,107.0
107.0,124.0
124.0,66.0
66.0,31.0
31.0,21.0
21.0,24.0
24.0,44.0
44.0,100.0
100.0,130.0
130.0,74.0
74.0,34.0
34.0,21.0
21.0,22.0
22.0,39.0
39.0,91.0
91.0,133.0
133.0,84.0
84.0,36.0
36.0,21.0
21.0,21.0
21.0,34.0
34.0,79.0
79.0,136.0
136.0,95.0
95.0,42.0
42.0,22.0
22.0,19.0
19.0,29.0
29.0,67.0
67.0,132.0
132.0,111.0
111.0,47.0
47.0,23.0
23.0,18.0
18.0,25.0
25.0,56.0
56.0,122.0
122.0,125.0
125.0,57.0
57.0,25.0
25.0,18.0
18.0,22.0
22.0,45.0
45.0,109.0
109.0,138.0
138.0,70.0
70.0,29.0
29.0,18.0
18.0,18.0
18.0,35.0
35.0,91.0
91.0,146.0
146.0,88.0
88.0,35.0
35.0,19.0
19.0,18.0
18.0,29.0
29.0,72.0
72.0,143.0
143.0,109.0
109.0,43.0
43.0,20.0
20.0,16.0
16.0,23.0
23.0,55.0
55.0,130.0
130.0,132.0
132.0,56.0
56.0,24.0
24.0,16.0
16.0,19.0
19.0,40.0
40.0,107.0
107.0,150.0
150.0,75.0
75.0,28.0
28.0,16.0
16.0,17.0
17.0,30.0
30.0,81.0
81.0,155.0
155.0,101.0
101.0,37.0
37.0,18.0
18.0,15.0
15.0,24.0
24.0,57.0
57.0,138.0
138.0,132.0
132.0,53.0
53.0,22.0
22.0,15.0
15.0,18.0
18.0,38.0
38.0,109.0
109.0,157.0
157.0,75.0
75.0,28.0
28.0,16.0
16.0,15.0
15.0,27.0
27.0,76.0
76.0,159.0
159.0,111.0
111.0,38.0
38.0,18.0
18.0,14.0
14.0,20.0
20.0,49.0
49.0,132.0
132.0,149.0
149.0,59.0
59.0,22.0
22.0,14.0
14.0,15.0
15.0,31.0
31.0,92.0
92.0,168.0
168.0,93.0
93.0,31.0
31.0,15.0
15.0,13.0
13.0,21.0
21.0,57.0
57.0,149.0
149.0,140.0
140.0,51.0
51.0,20.0
20.0,13.0
13.0,15.0
15.0,33.0
33.0,101.0
101.0,172.0
172.0,86.0
86.0,27.0
27.0,15.0
15.0,13.0
13.0,20.0
20.0,57.0
57.0,155.0
155.0,140.0
140.0,47.0
47.0,18.0
18.0,12.0
12.0,14.0
14.0,30.0
30.0,98.0
98.0,179.0
179.0,89.0
89.0,27.0
27.0,14.0
14.0,11.0
11.0,17.0
17.0,49.0
49.0,148.0
148.0,155.0
155.0,52.0
52.0,17.0
17.0,11.0
11.0,11.0
11.0,24.0
24.0,80.0
80.0,184.0
184.0,111.0
111.0,33.0
33.0,14.0
14.0,11.0
11.0,14.0
14.0,34.0
34.0,120.0
120.0,186.0
186.0,73.0
73.0,22.0
22.0,12.0
12.0,10.0
10.0,16.0
16.0,48.0
48.0,159.0
159.0,162.0
162.0,49.0
49.0,16.0
16.0,10.0
10.0,10.0
10.0,18.0
18.0,64.0
64.0,187.0
187.0,137.0
137.0,36.0
36.0,14.0
14.0,9.0
9.0,10.0
10.0,20.0
20.0,74.0
74.0,204.0
204.0,122.0
122.0,29.0
29.0,11.0
11.0,9.0
9.0,8.0
8.0,17.0
17.0,70.0
70.0,212.0
212.0,130.0
130.0,29.0
29.0,12.0
12.0,8.0
8.0,7.0
7.0,12.0
12.0,45.0
45.0,189.0
189.0,182.0
182.0,40.0
40.0,12.0
12.0,8.0
8.0,6.0
6.0,5.0
5.0,13.0
13.0,64.0
64.0,250.0
250.0,141.0
141.0,24.0
24.0,9.0
9.0,7.0
7.0,5.0
5.0,4.0
4.0,4.0
4.0,4.0
4.0,26.0
26.0,103.0
103.0,106.0
106.0,59.0
59.0,35.0
35.0,31.0
31.0,42.0
42.0,67.0
67.0,91.0
91.0,80.0
80.0,53.0
53.0,37.0
37.0,35.0
35.0,46.0
46.0,72.0
72.0,93.0
93.0,79.0
79.0,52.0
52.0,37.0
37.0,36.0
36.0,48.0
48.0,74.0
74.0,95.0
95.0,78.0
78.0,50.0
50.0,36.0
36.0,36.0
36.0,49.0
49.0,77.0
77.0,96.0
96.0,78.0
78.0,49.0
49.0,34.0
34.0,35.0
35.0,48.0
48.0,78.0
78.0,98.0
98.0,77.0
77.0,47.0
47.0,33.0
33.0,34.0
34.0,49.0
49.0,80.0
80.0,101.0
101.0,76.0
76.0,44.0
44.0,32.0
32.0,33.0
33.0,49.0
49.0,83.0
83.0,103.0
103.0,76.0
76.0,45.0
45.0,32.0
32.0,32.0
32.0,49.0
49.0,85.0
85.0,104.0
104.0,78.0
78.0,43.0
43.0,30.0
30.0,31.0
31.0,47.0
47.0,85.0
85.0,108.0
108.0,77.0
77.0,43.0
43.0,30.0
30.0,31.0
31.0,47.0
47.0,85.0
85.0,110.0
110.0,79.0
79.0,42.0
42.0,28.0
28.0,29.0
29.0,46.0
46.0,85.0
85.0,113.0
113.0,80.0
80.0,42.0
42.0,29.0
29.0,28.0
28.0,44.0
44.0,84.0
84.0,116.0
116.0,83.0
83.0,42.0
42.0,28.0
28.0,27.0
27.0,42.0
42.0,83.0
83.0,119.0
119.0,87.0
87.0,44.0
44.0,28.0
28.0,27.0
27.0,40.0
40.0,79.0
79.0,121.0
121.0,91.0
91.0,46.0
46.0,28.0
28.0,26.0
26.0,37.0
37.0,75.0
75.0,122.0
122.0,97.0
97.0,48.0
48.0,27.0
27.0,24.0
24.0,35.0
35.0,71.0
71.0,121.0
121.0,103.0
103.0,51.0
51.0,28.0
28.0,24.0
24.0,32.0
32.0,64.0
64.0,119.0
119.0,111.0
111.0,55.0
55.0,28.0
28.0,22.0
22.0,29.0
29.0,58.0
58.0,115.0
115.0,120.0
120.0,60.0
60.0,31.0
31.0,22.0
22.0,25.0
25.0,50.0
50.0,108.0
108.0,127.0
127.0,68.0
68.0,31.0
31.0,21.0
21.0,24.0
24.0,45.0
45.0,100.0
100.0,133.0
133.0,78.0
78.0,34.0
34.0,21.0
21.0,22.0
22.0,37.0
37.0,87.0
87.0,138.0
138.0,89.0
89.0,38.0
38.0,22.0
22.0,20.0
20.0,32.0
32.0,75.0
75.0,137.0
137.0,104.0
104.0,45.0
45.0,23.0
23.0,19.0
19.0,26.0
26.0,61.0
61.0,129.0
129.0,120.0
120.0,53.0
53.0,24.0
24.0,17.0
17.0,23.0
23.0,49.0
49.0,116.0
116.0,135.0
135.0,64.0
64.0,27.0
27.0,18.0
18.0,20.0
20.0,39.0
39.0,98.0
98.0,147.0
147.0,82.0
82.0,33.0
33.0,18.0
18.0,17.0
17.0,31.0
31.0,78.0
78.0,147.0
147.0,104.0
104.0,41.0
41.0,20.0
20.0,17.0
17.0,25.0
25.0,59.0
59.0,135.0
135.0,128.0
128.0,52.0
52.0,23.0
23.0,16.0
16.0,20.0
20.0,43.0
43.0,113.0
113.0,149.0
149.0,70.0
70.0,28.0
28.0,17.0
17.0,18.0
18.0,32.0
32.0,86.0
86.0,156.0
156.0,98.0
98.0,36.0
36.0,19.0
19.0,16.0
16.0,24.0
24.0,60.0
60.0,143.0
143.0,130.0
130.0,50.0
50.0,21.0
21.0,17.0
17.0,19.0
19.0,42.0
42.0,115.0
115.0,156.0
156.0,73.0
73.0,26.0
26.0,16.0
16.0,16.0
16.0,28.0
28.0,80.0
80.0,160.0
160.0,108.0
108.0,38.0
38.0,18.0
18.0,15.0
15.0,21.0
21.0,52.0
52.0,137.0
137.0,147.0
147.0,58.0
58.0,22.0
22.0,13.0
13.0,16.0
16.0,32.0
32.0,95.0
95.0,169.0
169.0,91.0
91.0,30.0
30.0,16.0
16.0,14.0
14.0,21.0
21.0,57.0
57.0,151.0
151.0,139.0
139.0,49.0
49.0,19.0
19.0,13.0
13.0,15.0
15.0,32.0
32.0,102.0
102.0,174.0
174.0,86.0
86.0,29.0
29.0,15.0
15.0,12.0
12.0,21.0
21.0,57.0
57.0,156.0
156.0,141.0
141.0,49.0
49.0,18.0
18.0,13.0
13.0,15.0
15.0,30.0
30.0,97.0
97.0,181.0
181.0,91.0
91.0,28.0
28.0,14.0
14.0,12.0
12.0,17.0
17.0,48.0
48.0,146.0
146.0,159.0
159.0,54.0
54.0,18.0
18.0,12.0
12.0,12.0
12.0,23.0
23.0,76.0
76.0,184.0
184.0,116.0
116.0,34.0
34.0,14.0
14.0,10.0
10.0,13.0
13.0,33.0
33.0,114.0
114.0,190.0
190.0,79.0
79.0,24.0
24.0,12.0
12.0,10.0
10.0,15.0
15.0,44.0
44.0,150.0
150.0,174.0
174.0,55.0
55.0,17.0
17.0,11.0
11.0,10.0
10.0,17.0
17.0,56.0
56.0,179.0
179.0,153.0
153.0,41.0
41.0,14.0
14.0,10.0
10.0,9.0
9.0,17.0
17.0,60.0
60.0,194.0
194.0,146.0
146.0,37.0
37.0,14.0
14.0,9.0
9.0,8.0
8.0,14.0
14.0,52.0
52.0,192.0
192.0,165.0
165.0,39.0
39.0,13.0
13.0,8.0
8.0,7.0
7.0,10.0
10.0,28.0
28.0,135.0
135.0,235.0
235.0,67.0
67.0,16.0
16.0,9.0
9.0,8.0
8.0,6.0
6.0,7.0
7.0,20.0
20.0,125.0
125.0,255.0
255.0,73.0
73.0,14.0
14.0,7.0
7.0,5.0
5.0,3.0
3.0,4.0
4.0,6.0
6.0,30.0
30.0,141.0
141.0,161.0
161.0,62.0
62.0,24.0
24.0,18.0
18.0,24.0
