135.9,137.9
137.9,140.2
140.2,143.8
143.8,146.4
146.4,147.9
147.9,148.4
148.4,150.3
150.3,153.9
153.9,154.3
154.3,147.0
147.0,139.7
139.7,138.8
138.8,136.3
136.3,131.0
131.0,125.7
125.7,121.5
121.5,116.0
116.0,111.3
111.3,106.9
106.9,99.2
99.2,91.6
91.6,86.2
86.2,81.6
81.6,77.0
77.0,75.0
75.0,77.3
77.3,79.2
79.2,79.4
79.4,78.5
78.5,78.6
78.6,77.3
77.3,75.5
75.5,77.3
77.3,79.6
79.6,79.9
79.9,80.3
80.3,79.7
79.7,76.7
76.7,73.4
73.4,70.3
70.3,68.1
68.1,63.6
63.6,60.4
60.4,61.1
61.1,59.7
59.7,57.0
57.0,53.4
53.4,48.1
48.1,43.0
43.0,37.9
37.9,33.2
33.2,30.4
30.4,29.0
29.0,28.5
28.5,26.4
26.4,23.2
23.2,21.7
21.7,21.2
21.2,20.5
20.5,21.1
21.1,22.3
22.3,23.3
23.3,23.1
23.1,21.2
21.2,17.9
17.9,15.3
15.3,14.0
14.0,14.0
14.0,14.7
14.7,14.2
14.2,14.8
14.8,16.1
16.1,16.0
16.0,15.6
15.6,15.7
15.7,16.8
16.8,18.5
18.5,19.1
19.1,19.0
19.0,18.8
18.8,17.7
17.7,17.7
17.7,17.7
17.7,17.1
17.1,18.2
18.2,20.6
20.6,23.5
23.5,26.7
26.7,28.5
28.5,29.9
29.9,34.6
34.6,39.6
39.6,42.8
42.8,47.4
47.4,52.4
52.4,55.7
55.7,59.5
59.5,63.2
63.2,67.7
67.7,71.2
71.2,74.0
74.0,77.6
77.6,78.0
78.0,78.7
78.7,80.7
80.7,79.5
79.5,78.7
78.7,80.1
80.1,80.3
80.3,79.6
79.6,77.6
77.6,76.1
76.1,76.6
76.6,77.4
77.4,80.2
80.2,83.5
83.5,86.0
86.0,87.8
87.8,89.0
89.0,91.3
91.3,93.7
93.7,96.7
96.7,99.4
99.4,101.8
101.8,103.3
103.3,104.2
104.2,105.5
105.5,104.7
104.7,103.0
103.0,103.3
103.3,104.5
104.5,105.0
105.0,107.3
107.3,109.9
109.9,111.3
111.3,114.7
114.7,120.7
120.7,126.1
126.1,129.2
129.2,133.0
133.0,138.4
138.4,143.1
143.1,144.1
144.1,141.3
141.3,138.2
138.2,134.5
134.5,131.3
131.3,125.8
125.8,119.6
119.6,113.8
113.8,108.0
108.0,104.2
104.2,100.6
100.6,98.4
98.4,99.7
99.7,102.8
102.8,100.8
100.8,97.2
97.2,94.5
94.5,92.1
92.1,88.8
88.8,87.3
87.3,85.9
85.9,83.0
83.0,81.3
81.3,78.6
78.6,76.3
76.3,75.4
75.4,77.6
77.6,79.9
79.9,80.4
80.4,81.3
81.3,81.7
81.7,79.7
79.7,78.2
78.2,75.7
75.7,71.7
71.7,68.0
68.0,63.1
63.1,58.1
58.1,53.3
53.3,49.9
49.9,48.0
48.0,45.4
45.4,43.1
43.1,42.2
42.2,41.9
41.9,41.1
41.1,39.2
39.2,37.4
37.4,35.7
35.7,34.0
34.0,32.1
32.1,31.9
31.9,31.6
31.6,30.9
30.9,30.2
30.2,27.4
27.4,24.0
24.0,21.4
21.4,19.9
19.9,18.7
18.7,18.6
18.6,20.1
20.1,22.5
22.5,24.2
24.2,26.6
26.6,28.6
28.6,30.9
30.9,34.3
34.3,38.2
38.2,43.4
43.4,48.8
48.8,54.9
54.9,60.7
60.7,64.9
64.9,69.2
69.2,71.9
71.9,72.8
72.8,76.8
76.8,83.2
83.2,88.4
88.4,92.4
92.4,96.4
96.4,101.0
101.0,105.8
105.8,112.4
112.4,117.8
117.8,119.1
119.1,120.2
120.2,125.2
125.2,128.7
128.7,129.6
129.6,135.4
135.4,143.7
143.7,152.5
152.5,163.2
163.2,172.8
172.8,176.8
176.8,178.9
178.9,186.4
186.4,193.0
193.0,190.9
190.9,187.5
187.5,186.5
186.5,185.1
185.1,184.9
184.9,182.2
182.2,175.3
175.3,170.4
170.4,168.7
168.7,163.3
163.3,151.9
151.9,142.9
142.9,141.5
141.5,148.2
148.2,156.5
156.5,156.1
156.1,148.4
148.4,143.5
143.5,142.3
142.3,139.1
139.1,136.4
136.4,140.5
140.5,148.1
148.1,150.1
150.1,150.9
150.9,144.8
144.8,132.5
132.5,128.9
128.9,129.4
129.4,125.7
125.7,121.4
121.4,117.9
117.9,113.0
113.0,107.6
107.6,100.1
100.1,97.2
97.2,94.5
94.5,90.6
90.6,88.8
88.8,83.4
83.4,76.9
76.9,72.4
72.4,67.3
67.3,62.3
62.3,59.4
59.4,57.4
57.4,59.4
59.4,62.2
62.2,63.3
63.3,64.8
64.8,65.5
65.5,64.8
64.8,63.7
63.7,61.8
61.8,59.4
59.4,56.9
56.9,53.2
53.2,48.1
48.1,40.6
40.6,33.0
33.0,27.7
27.7,22.1
22.1,17.7
17.7,15.4
15.4,14.4
14.4,14.1
14.1,13.2
13.2,12.5
12.5,12.0
12.0,12.9
12.9,14.9
14.9,15.3
15.3,15.7
15.7,16.9
16.9,17.9
17.9,18.4
18.4,19.5
19.5,21.5
21.5,24.1
24.1,27.2
27.2,30.8
30.8,34.7
34.7,38.0
38.0,42.0
42.0,49.4
49.4,59.3
59.3,68.4
68.4,79.2
79.2,91.8
91.8,104.9
104.9,117.1
117.1,130.2
130.2,146.0
146.0,163.4
163.4,177.6
177.6,189.3
189.3,199.3
199.3,213.7
213.7,231.1
231.1,241.4
241.4,247.4
247.4,253.2
253.2,260.5
260.5,264.3
264.3,260.9
260.9,252.9
252.9,252.5
252.5,255.3
255.3,254.2
254.2,247.3
247.3,236.4
236.4,231.7
231.7,229.1
229.1,222.9
222.9,216.5
216.5,211.7
211.7,209.5
209.5,206.8
206.8,199.0
199.0,192.9
192.9,188.0
188.0,182.3
182.3,178.2
178.2,172.5
172.5,166.7
166.7,163.7
163.7,159.2
159.2,152.2
152.2,144.9
144.9,143.3
143.3,143.7
143.7,139.0
139.0,134.0
134.0,131.9
131.9,132.4
132.4,132.2
132.2,130.0
130.0,125.6
125.6,119.2
119.2,116.3
116.3,115.1
115.1,110.4
110.4,104.7
104.7,101.0
101.0,98.0
98.0,92.6
92.6,85.0
85.0,78.3
78.3,74.2
74.2,71.5
71.5,70.0
70.0,67.3
67.3,64.5
64.5,62.3
62.3,60.6
60.6,59.9
59.9,58.3
58.3,55.3
55.3,52.2
52.2,51.0
51.0,49.0
49.0,46.2
46.2,44.1
44.1,41.9
41.9,39.4
39.4,37.0
37.0,33.8
33.8,30.6
30.6,28.2
28.2,25.7
25.7,23.4
23.4,20.5
20.5,18.0
18.0,16.7
16.7,16.2
16.2,16.3
16.3,16.7
16.7,16.5
16.5,16.0
16.0,15.9
15.9,16.2
16.2,17.6
17.6,19.8
19.8,23.1
23.1,25.9
25.9,28.1
28.1,32.4
32.4,36.7
36.7,39.2
39.2,42.3
42.3,47.2
47.2,52.6
52.6,60.1
60.1,69.9
69.9,77.2
77.2,82.7
82.7,90.8
90.8,101.1
101.1,111.2
111.2,121.0
121.0,132.2
132.2,144.9
144.9,155.7
155.7,162.5
162.5,168.2
168.2,174.0
174.0,179.8
179.8,185.7
185.7,192.1
192.1,198.6
198.6,204.9
204.9,209.8
209.8,215.8
215.8,220.3
220.3,222.1
222.1,227.6
227.6,230.2
230.2,227.4
227.4,229.7
229.7,234.4
234.4,235.3
235.3,234.1
234.1,231.9
231.9,227.6
227.6,221.3
221.3,216.5
216.5,214.6
214.6,212.7
212.7,212.1
212.1,213.8
213.8,212.2
212.2,208.1
208.1,204.1
204.1,199.8
199.8,194.2
194.2,193.3
193.3,196.4
196.4,196.1
196.1,195.5
195.5,194.0
194.0,190.3
190.3,186.1
186.1,182.0
182.0,176.7
176.7,172.3
172.3,168.7
168.7,166.0
166.0,162.0
162.0,154.1
154.1,147.7
147.7,141.1
141.1,135.0
135.0,132.2
132.2,129.7
129.7,126.5
126.5,124.8
124.8,121.9
121.9,118.1
118.1,115.7
115.7,113.1
113.1,111.5
111.5,109.9
109.9,109.1
109.1,108.4
108.4,107.6
107.6,106.7
106.7,105.6
105.6,103.7
103.7,103.1
103.1,103.7
103.7,103.0
103.0,102.2
102.2,100.8
100.8,99.9
99.9,99.2
99.2,98.0
98.0,95.9
95.9,93.7
93.7,92.3
92.3,91.9
91.9,90.1
90.1,85.5
85.5,82.2
82.2,80.5
80.5,78.9
78.9,77.4
77.4,75.9
75.9,73.9
73.9,71.0
71.0,69.5
69.5,69.1
69.1,67.8
67.8,67.9
67.9,67.7
67.7,65.6
65.6,65.9
65.9,67.9
67.9,66.7
66.7,64.8
64.8,62.7
62.7,60.3
60.3,57.9
57.9,54.5
54.5,50.8
50.8,47.9
47.9,47.1
47.1,46.6
46.6,43.0
43.0,37.8
37.8,35.5
35.5,34.4
34.4,33.5
33.5,34.6
34.6,34.9
34.9,33.4
33.4,33.7
33.7,33.0
33.0,31.6
31.6,31.4
31.4,29.6
29.6,27.6
27.6,26.2
26.2,24.3
24.3,22.1
22.1,19.4
19.4,16.5
16.5,15.9
15.9,14.6
14.6,13.3
13.3,12.8
12.8,11.6
11.6,11.1
11.1,10.8
10.8,9.8
9.8,8.9
8.9,9.5
9.5,9.9
9.9,9.2
9.2,7.9
7.9,6.8
6.8,6.3
6.3,5.9
5.9,5.3
5.3,5.4
5.4,6.3
6.3,6.7
6.7,7.3
7.3,8.6
8.6,9.7
9.7,10.8
10.8,12.1
12.1,13.0
13.0,12.9
12.9,12.5
12.5,12.6
12.6,12.1
12.1,11.4
11.4,11.6
11.6,11.8
11.8,11.0
11.0,9.9
9.9,9.1
9.1,9.8
9.8,12.0
12.0,14.6
14.6,16.8
16.8,18.1
18.1,19.2
19.2,21.9
21.9,25.5
25.5,28.3
28.3,30.8
30.8,34.0
34.0,38.1
38.1,40.5
40.5,42.0
42.0,44.3
44.3,47.1
47.1,50.1
50.1,53.5
53.5,56.1
56.1,58.1
58.1,60.8
60.8,62.8
62.8,64.3
64.3,65.9
65.9,67.8
67.8,69.7
69.7,71.4
71.4,73.4
73.4,75.1
75.1,75.2
75.2,74.9
74.9,75.2
75.2,75.6
75.6,75.1
75.1,73.1
73.1,72.0
72.0,71.3
71.3,70.6
70.6,69.5
69.5,68.0
68.0,68.6
68.6,70.9
70.9,71.9
71.9,71.4
71.4,70.9
70.9,72.0
72.0,75.1
75.1,76.1
76.1,75.3
75.3,73.9
73.9,73.3
73.3,74.4
74.4,75.5
75.5,76.7
76.7,78.3
78.3,80.2
80.2,81.0
81.0,80.9
80.9,80.3
80.3,79.8
79.8,80.5
80.5,81.5
81.5,82.0
82.0,81.4
81.4,78.5
78.5,74.8
74.8,71.9
71.9,68.9
68.9,66.3
66.3,64.0
64.0,62.1
62.1,60.5
60.5,58.6
58.6,57.0
57.0,55.4
55.4,52.8
52.8,51.2
51.2,49.9
49.9,47.8
47.8,45.0
45.0,41.9
41.9,39.1
39.1,37.2
37.2,35.8
35.8,33.7
33.7,31.6
31.6,29.4
29.4,27.1
27.1,24.5
24.5,21.6
21.6,18.4
18.4,15.9
15.9,14.6
14.6,13.4
13.4,11.9
11.9,11.3
11.3,11.7
11.7,11.4
11.4,10.7
10.7,10.8
10.8,11.0
11.0,11.3
11.3,12.7
12.7,14.1
14.1,14.9
14.9,15.3
15.3,14.7
14.7,13.2
13.2,12.0
12.0,11.1
11.1,10.1
10.1,8.8
8.8,7.7
7.7,6.7
6.7,5.1
5.1,3.7
3.7,2.6
2.6,1.9
1.9,1.6
1.6,1.3
1.3,0.7
0.7,0.1
0.1,0.1
0.1,0.0
0.0,0.0
0.0,0.0
0.0,0.0
0.0,0.0
0.0,0.0
0.0,0.0
0.0,0.0
0.0,0.0
0.0,0.0
0.0,0.5
0.5,0.9
0.9,1.1
1.1,1.7
1.7,2.2
2.2,2.3
2.3,3.1
3.1,4.1
4.1,4.2
4.2,4.3
4.3,4.4
4.4,4.5
4.5,4.2
4.2,4.9
4.9,6.1
6.1,6.2
6.2,6.5
6.5,7.6
7.6,7.5
7.5,7.3
7.3,7.9
7.9,9.2
9.2,10.6
10.6,11.6
11.6,13.6
13.6,14.3
14.3,14.5
14.5,16.9
16.9,19.1
19.1,20.0
20.0,21.9
21.9,23.5
23.5,23.9
23.9,24.7
24.7,25.2
25.2,25.5
25.5,25.7
25.7,25.3
25.3,24.4
24.4,23.3
23.3,22.6
22.6,22.8
22.8,23.0
23.0,24.2
24.2,27.0
27.0,29.0
29.0,29.8
29.8,33.0
33.0,37.0
37.0,41.3
41.3,46.0
46.0,48.6
48.6,51.2
51.2,55.9
55.9,59.5
59.5,62.5
62.5,68.4
68.4,73.6
73.6,77.8
77.8,79.4
79.4,78.8
78.8,77.3
77.3,76.8
76.8,79.5
79.5,81.2
81.2,78.8
78.8,77.1
77.1,77.0
77.0,77.8
77.8,77.1
77.1,73.3
73.3,71.4
71.4,71.9
71.9,74.2
74.2,75.0
75.0,72.1
72.1,69.3
69.3,68.5
68.5,68.3
68.3,65.8
65.8,58.4
58.4,54.0
54.0,56.8
56.8,58.8
58.8,57.0
57.0,54.6
54.6,52.9
52.9,52.6
52.6,51.7
51.7,50.3
50.3,50.0
50.0,49.7
49.7,48.1
48.1,45.6
45.6,42.3
42.3,39.9
39.9,40.0
40.0,39.9
39.9,38.7
38.7,37.6
37.6,38.3
38.3,39.6
39.6,39.0
39.0,38.5
38.5,38.9
38.9,38.9
38.9,39.6
39.6,38.6
38.6,36.1
36.1,35.3
35.3,34.6
34.6,32.7
32.7,30.2
30.2,27.5
27.5,26.2
26.2,24.8
24.8,23.3
23.3,22.7
22.7,20.0
20.0,17.5
17.5,15.6
15.6,12.9
12.9,11.4
11.4,12.0
12.0,12.5
12.5,11.6
11.6,9.5
9.5,7.8
7.8,8.3
8.3,9.3
9.3,9.5
9.5,9.8
9.8,10.4
10.4,10.6
10.6,10.1
10.1,8.5
8.5,6.9
6.9,6.6
6.6,6.6
6.6,6.5
6.5,5.4
5.4,3.4
3.4,2.4
2.4,1.9
1.9,1.0
1.0,0.3
0.3,0.2
0.2,0.2
0.2,0.2
0.2,1.6
1.6,4.5
4.5,6.7
6.7,7.4
7.4,8.7
8.7,10.3
10.3,10.5
10.5,10.4
10.4,10.5
10.5,12.0
12.0,15.2
15.2,17.0
17.0,15.6
15.6,13.1
13.1,12.3
12.3,14.2
14.2,14.6
14.6,14.4
14.4,16.4
16.4,19.6
19.6,23.4
23.4,24.8
24.8,23.8
23.8,23.9
23.9,26.2
26.2,28.6
28.6,29.6
29.6,30.8
30.8,33.2
33.2,35.8
35.8,38.4
38.4,41.4
41.4,43.9
43.9,45.1
45.1,47.8
47.8,52.1
52.1,57.2
57.2,61.6
61.6,64.8
64.8,68.3
68.3,71.3
71.3,74.5
74.5,77.5
77.5,78.2
78.2,78.5
78.5,81.6
81.6,84.1
84.1,85.0
85.0,84.1
84.1,83.8
83.8,86.3
86.3,88.0
88.0,89.5
89.5,92.9
92.9,98.0
98.0,101.7
101.7,104.1
104.1,105.8
105.8,105.7
105.7,106.2
106.2,106.9
106.9,106.3
106.3,104.6
104.6,104.0
104.0,106.9
106.9,107.7
107.7,104.5
104.5,105.4
105.4,108.0
108.0,108.3
108.3,108.6
108.6,109.5
109.5,110.9
110.9,112.3
112.3,114.5
114.5,116.9
116.9,118.5
118.5,119.2
119.2,118.6
118.6,114.7
114.7,109.5
109.5,108.3
108.3,110.9
110.9,113.7
113.7,116.4
116.4,117.9
117.9,116.0
116.0,115.1
115.1,112.1
112.1,106.6
106.6,102.4
102.4,100.3
100.3,100.7
100.7,99.3
99.3,95.0
95.0,89.7
89.7,83.4
83.4,78.6
78.6,77.8
77.8,75.5
75.5,70.9
70.9,69.2
69.2,69.0
69.0,66.4
66.4,61.0
61.0,55.7
55.7,51.9
51.9,48.1
48.1,46.0
46.0,44.5
44.5,40.3
40.3,34.5
34.5,29.8
29.8,26.2
26.2,22.4
22.4,20.1
20.1,19.4
19.4,19.5
19.5,18.7
18.7,17.2
17.2,15.4
15.4,13.8
13.8,13.5
13.5,13.2
13.2,12.6
12.6,12.2
12.2,12.4
12.4,13.0
13.0,13.0
13.0,12.9
12.9,14.1
14.1,17.0
17.0,20.4
20.4,22.3
22.3,22.9
22.9,24.4
24.4,29.7
29.7,36.2
36.2,40.4
40.4,45.7
45.7,53.1
53.1,63.1
63.1,74.2
74.2,83.9
83.9,91.7
91.7,100.4
100.4,111.8
111.8,123.0
123.0,134.1
134.1,144.5
144.5,155.6
155.6,165.9
165.9,173.2
173.2,176.2
176.2,178.7
178.7,183.1
183.1,193.5
193.5,209.3
209.3,221.0
221.0,228.2
228.2,230.4
230.4,230.1
230.1,232.4
232.4,237.9
237.9,243.0
243.0,244.9
244.9,244.0
244.0,242.1
242.1,235.8
235.8,227.5
227.5,218.2
218.2,212.3
212.3,211.9
211.9,212.9
212.9,210.3
210.3,202.1
202.1,194.5
194.5,189.1
189.1,185.3
185.3,180.9
180.9,175.4
175.4,169.2
169.2,167.7
167.7,164.6
164.6,155.7
155.7,145.4
145.4,136.8
136.8,132.4
132.4,134.4
134.4,142.1
142.1,146.2
146.2,145.6
145.6,143.9
143.9,141.1
141.1,138.4
138.4,136.7
136.7,136.3
136.3,137.6
137.6,138.3
138.3,136.2
136.2,129.4
129.4,120.2
120.2,113.6
113.6,110.1
110.1,108.4
108.4,103.8
103.8,95.8
95.8,89.1
89.1,84.7
84.7,82.8
82.8,83.2
83.2,81.6
81.6,78.2
78.2,74.4
74.4,69.9
69.9,65.7
65.7,62.2
62.2,61.0
61.0,60.2
60.2,59.0
59.0,57.6
57.6,53.7
53.7,48.3
48.3,44.6
44.6,42.4
42.4,40.3
40.3,39.7
39.7,41.8
41.8,41.8
41.8,39.8
39.8,38.0
38.0,35.8
35.8,33.7
33.7,32.2
32.2,31.3
31.3,30.4
30.4,29.1
29.1,27.1
27.1,23.8
23.8,20.1
20.1,18.2
18.2,17.6
17.6,18.1
18.1,19.3
19.3,20.4
20.4,20.5
20.5,19.4
19.4,19.7
19.7,21.4
21.4,22.4
22.4,23.7
23.7,24.3
24.3,24.3
24.3,26.0
26.0,29.2
29.2,33.3
33.3,37.9
37.9,42.9
42.9,47.3
47.3,49.9
49.9,51.1
51.1,53.3
53.3,56.2
56.2,59.5
59.5,64.1
64.1,67.7
67.7,69.1
69.1,71.0
71.0,73.3
73.3,75.0
75.0,78.2
78.2,81.7
81.7,84.4
84.4,91.3
91.3,97.8
97.8,100.3
100.3,102.1
102.1,104.2
104.2,105.4
105.4,106.5
106.5,106.3
106.3,105.7
105.7,108.2
108.2,110.0
110.0,116.4
116.4,126.1
126.1,138.4
138.4,152.5
152.5,161.0
161.0,170.8
170.8,182.1
182.1,188.4
188.4,194.3
194.3,200.5
200.5,205.4
205.4,214.5
214.5,219.9
219.9,215.2
215.2,207.6
207.6,202.6
202.6,204.4
204.4,209.2
209.2,213.3
213.3,216.0
216.0,216.7
216.7,216.7
216.7,213.4
213.4,207.4
207.4,200.1
200.1,196.7
196.7,193.6
193.6,189.9
189.9,186.4
186.4,176.8
176.8,167.2
167.2,162.7
162.7,157.0
157.0,150.9
150.9,148.5
148.5,144.6
144.6,141.0
141.0,139.9
139.9,139.3
139.3,135.7
135.7,129.4
129.4,126.3
126.3,127.4
127.4,127.3
127.3,126.8
126.8,127.9
127.9,127.4
127.4,126.6
126.6,126.1
126.1,124.3
124.3,122.2
122.2,121.2
121.2,121.7
121.7,121.9
121.9,118.3
118.3,114.9
114.9,115.4
115.4,115.5
115.5,113.6
113.6,112.8
112.8,111.8
111.8,108.0
108.0,106.0
106.0,106.6
106.6,104.8
104.8,100.6
100.6,96.6
96.6,92.9
92.9,89.6
89.6,86.6
86.6,84.5
84.5,84.2
84.2,85.4
85.4,85.9
85.9,83.6
83.6,79.6
79.6,75.9
75.9,72.1
72.1,68.3
68.3,65.1
65.1,62.1
62.1,59.6
59.6,57.3
57.3,53.6
53.6,48.7
48.7,45.1
45.1,41.9
41.9,39.5
39.5,39.3
39.3,38.9
38.9,38.0
38.0,37.0
37.0,35.0
35.0,32.1
32.1,29.6
29.6,26.9
26.9,24.5
24.5,21.7
21.7,19.7
19.7,17.5
17.5,14.2
14.2,11.8
11.8,10.3
10.3,8.5
8.5,7.3
7.3,6.7
6.7,6.0
6.0,6.3
6.3,6.9
6.9,7.5
7.5,7.4
7.4,7.3
7.3,7.9
7.9,9.3
9.3,10.5
10.5,11.1
11.1,11.8
11.8,14.5
14.5,17.6
17.6,19.8
19.8,22.1
22.1,26.0
26.0,31.8
31.8,36.6
36.6,40.8
40.8,45.2
45.2,49.4
49.4,55.7
55.7,62.0
62.0,65.1
65.1,68.4
68.4,73.4
73.4,79.1
79.1,85.2
85.2,92.2
92.2,97.8
97.8,101.8
101.8,107.6
107.6,115.3
115.3,122.1
122.1,128.5
128.5,136.1
136.1,143.4
143.4,149.8
149.8,157.0
157.0,163.1
163.1,167.0
167.0,172.4
172.4,177.1
177.1,178.1
178.1,178.1
178.1,178.8
178.8,178.4
178.4,178.5
178.5,181.5
181.5,185.0
185.0,186.2
186.2,184.6
184.6,181.5
181.5,179.7
179.7,180.9
180.9,180.4
180.4,178.0
178.0,177.3
177.3,179.6
179.6,177.8
177.8,172.2
172.2,167.5
167.5,163.0
163.0,160.6
160.6,157.9
157.9,152.6
152.6,147.8
147.8,146.7
146.7,145.7
145.7,140.1
140.1,132.0
132.0,129.1
129.1,129.4
129.4,128.7
128.7,126.7
126.7,124.1
124.1,121.0
121.0,118.8
118.8,115.4
115.4,111.1
111.1,109.3
109.3,110.5
110.5,111.3
111.3,109.4
109.4,105.1
105.1,98.5
98.5,94.1
94.1,89.4
89.4,85.7
85.7,84.5
84.5,83.5
83.5,84.3
84.3,84.3
84.3,83.5
83.5,83.1
83.1,81.7
81.7,82.0
82.0,85.1
85.1,87.4
87.4,88.5
88.5,88.5
88.5,89.6
89.6,90.2
90.2,88.5
88.5,87.1
87.1,84.4
84.4,81.8
81.8,80.8
80.8,78.4
78.4,74.3
74.3,70.7
70.7,68.8
68.8,66.9
66.9,63.0
63.0,59.1
59.1,56.5
56.5,55.1
55.1,53.8
53.8,51.7
51.7,49.1
49.1,46.0
46.0,43.3
43.3,39.9
39.9,36.8
36.8,35.4
35.4,34.0
34.0,31.9
31.9,28.5
28.5,23.0
23.0,18.8
18.8,16.6
16.6,14.8
14.8,12.8
12.8,11.3
11.3,10.3
10.3,9.9
9.9,10.0
10.0,10.0
10.0,11.9
11.9,14.9
14.9,17.0
17.0,19.1
19.1,22.4
22.4,26.2
26.2,29.8
29.8,33.5
33.5,37.1
37.1,41.6
41.6,47.3
47.3,53.9
53.9,60.0
60.0,65.8
65.8,72.1
72.1,77.0
77.0,79.1
79.1,84.8
84.8,95.5
95.5,103.0
103.0,108.2
108.2,113.7
113.7,115.9
115.9,117.0
117.0,120.9
120.9,124.6
124.6,129.5
129.5,140.7
140.7,156.2
156.2,169.5
169.5,176.4
176.4,183.4
183.4,193.6
193.6,202.6
202.6,212.5
212.5,223.4
223.4,230.0
230.0,232.5
232.5,234.0
234.0,233.7
233.7,232.9
232.9,231.0
231.0,225.8
225.8,220.7
220.7,215.6
215.6,208.7
208.7,200.8
200.8,193.9
193.9,188.2
188.2,184.9
184.9,183.9
183.9,179.7
179.7,171.8
171.8,164.9
164.9,163.6
163.6,165.0
165.0,164.0
164.0,165.2
165.2,168.5
168.5,169.9
169.9,169.9
169.9,170.0
170.0,169.6
169.6,169.3
169.3,168.2
168.2,162.3
162.3,153.6
153.6,146.4
146.4,142.0
142.0,135.6
135.6,127.1
127.1,119.3
119.3,112.9
112.9,108.7
108.7,103.9
103.9,97.4
97.4,90.7
90.7,87.4
87.4,86.7
86.7,86.3
86.3,85.9
85.9,84.1
84.1,81.9
81.9,79.2
79.2,75.9
75.9,71.3
71.3,65.2
65.2,61.3
61.3,60.2
60.2,57.7
57.7,54.4
54.4,49.6
49.6,42.5
42.5,37.5
37.5,34.2
34.2,31.9
31.9,29.8
29.8,28.4
28.4,27.9
27.9,27.3
27.3,25.2
25.2,22.9
22.9,20.9
20.9,19.5
19.5,19.3
19.3,19.4
19.4,20.1
20.1,19.6
19.6,19.0
19.0,19.5
19.5,19.8
19.8,18.1
18.1,17.7
17.7,19.8
19.8,21.8
21.8,22.0
22.0,21.2
21.2,21.5
21.5,21.4
21.4,21.2
21.2,21.1
21.1,19.2
19.2,17.6
17.6,17.2
17.2,15.8
15.8,13.6
13.6,12.0
12.0,11.0
11.0,10.2
10.2,8.9
8.9,7.8
7.8,6.7
6.7,5.9
5.9,5.6
5.6,5.0
5.0,4.0
4.0,3.9
3.9,4.1
4.1,3.7
3.7,4.1
4.1,5.4
5.4,6.2
6.2,7.0
7.0,8.4
8.4,9.5
9.5,11.6
11.6,15.1
15.1,18.3
18.3,20.5
20.5,22.9
22.9,26.4
26.4,29.4
29.4,33.0
33.0,39.8
39.8,46.1
46.1,49.4
49.4,52.2
52.2,54.6
54.6,57.3
57.3,61.3
61.3,65.8
65.8,69.4
69.4,72.6
72.6,78.3
78.3,82.8
82.8,82.6
82.6,83.2
83.2,86.4
86.4,89.3
89.3,91.1
91.1,92.8
92.8,95.1
95.1,99.2
99.2,103.7
103.7,104.1
104.1,100.8
100.8,97.4
97.4,96.5
96.5,96.4
96.4,98.1
98.1,99.8
99.8,100.5
100.5,100.0
100.0,96.7
96.7,94.1
94.1,90.9
90.9,90.8
90.8,95.4
95.4,98.2
98.2,98.2
98.2,99.6
99.6,101.3
101.3,103.7
103.7,108.2
108.2,113.1
113.1,119.0
119.0,121.7
121.7,123.7
123.7,124.4
124.4,120.8
120.8,119.5
119.5,120.9
120.9,119.0
119.0,113.2
113.2,107.8
107.8,102.5
102.5,98.0
98.0,94.4
94.4,90.3
90.3,89.3
89.3,92.0
92.0,95.1
95.1,95.7
95.7,93.7
93.7,91.6
91.6,90.5
90.5,88.4
88.4,85.7
85.7,81.6
81.6,79.0
79.0,78.7
78.7,75.0
75.0,68.2
68.2,61.7
61.7,56.9
56.9,53.3
53.3,50.0
50.0,45.7
45.7,43.0
43.0,41.0
41.0,38.8
38.8,34.2
34.2,28.0
28.0,24.7
24.7,23.1
23.1,21.9
21.9,21.7
21.7,21.0
21.0,19.9
19.9,20.2
20.2,21.2
21.2,21.9
21.9,21.7
21.7,21.5
21.5,21.6
21.6,20.6
20.6,19.1
19.1,17.1
17.1,14.4
14.4,13.2
13.2,13.0
13.0,12.9
12.9,12.2
12.2,10.4
10.4,9.7
9.7,9.7
9.7,9.5
9.5,9.2
9.2,8.8
8.8,9.2
9.2,10.9
10.9,12.0
12.0,11.8
11.8,11.1
11.1,10.4
10.4,10.7
10.7,10.5
10.5,9.8
9.8,9.5
9.5,9.5
9.5,9.3
9.3,9.1
9.1,8.4
8.4,8.3
8.3,9.7
9.7,10.9
10.9,11.7
11.7,12.3
12.3,14.4
14.4,16.2
16.2,17.9
17.9,21.7
21.7,27.5
27.5,34.1
34.1,39.0
39.0,43.3
43.3,48.7
48.7,53.7
53.7,57.7
57.7,63.2
63.2,70.8
70.8,77.3
77.3,83.5
83.5,89.5
89.5,94.2
94.2,97.4
97.4,103.3
103.3,108.7
108.7,110.6
110.6,113.6
113.6,118.4
118.4,122.0
122.0,122.2
122.2,123.1
123.1,125.5
125.5,127.2
127.2,128.5
128.5,130.2
130.2,133.0
133.0,136.0
136.0,137.7
137.7,139.0
139.0,140.8
140.8,142.4
142.4,143.8
143.8,143.6
143.6,142.3
142.3,142.9
142.9,144.7
144.7,146.5
146.5,143.7
143.7,138.7
138.7,137.6
137.6,136.0
136.0,132.4
132.4,128.6
128.6,126.0
126.0,125.4
125.4,125.7
125.7,123.0
123.0,118.8
118.8,112.8
112.8,108.7
108.7,108.0
108.0,106.9
106.9,105.8
105.8,105.9
105.9,104.2
104.2,101.2
101.2,99.9
99.9,96.9
96.9,91.9
91.9,87.5
87.5,85.8
85.8,82.7
82.7,80.1
80.1,77.6
77.6,74.2
74.2,71.7
71.7,70.5
70.5,69.4
69.4,65.8
65.8,63.4
63.4,62.0
62.0,58.8
58.8,55.0
55.0,53.4
53.4,52.1
52.1,50.2
50.2,47.1
47.1,44.4
44.4,43.1
43.1,42.8
42.8,44.0
44.0,43.5
43.5,42.7
42.7,43.9
43.9,43.3
43.3,42.7
42.7,42.4
42.4,42.9
42.9,45.8
45.8,46.0
46.0,43.8
43.8,41.2
41.2,37.9
37.9,36.4
36.4,35.2
35.2,33.8
33.8,34.0
34.0,32.3
32.3,28.5
28.5,25.2
25.2,22.1
22.1,20.3
20.3,19.5
19.5,19.1
19.1,18.8
18.8,18.2
18.2,18.9
18.9,18.8
18.8,17.9
17.9,17.6
17.6,17.7
17.7,17.7
17.7,17.5
17.5,16.5
16.5,15.2
15.2,13.7
13.7,12.7
12.7,11.3
11.3,9.8
9.8,9.0
9.0,8.1
8.1,7.3
7.3,6.5
6.5,5.4
5.4,4.7
4.7,4.6
4.6,5.0
5.0,5.2
5.2,5.5
5.5,6.1
6.1,5.6
5.6,4.8
4.8,4.5
4.5,4.6
4.6,5.2
5.2,6.5
6.5,7.8
7.8,8.4
8.4,8.6
8.6,10.0
10.0,11.3
11.3,13.1
13.1,15.8
15.8,17.6
17.6,20.5
20.5,24.2
24.2,26.3
26.3,28.1
28.1,32.1
32.1,37.6
37.6,42.3
42.3,44.4
44.4,46.6
46.6,49.4
49.4,52.3
52.3,55.8
55.8,59.1
59.1,62.7
62.7,66.1
66.1,68.5
68.5,69.1
69.1,69.3
69.3,71.5
71.5,77.4
77.4,83.0
83.0,84.1
84.1,84.4
84.4,85.5
85.5,87.6
87.6,89.1
89.1,90.9
90.9,94.4
94.4,100.9
100.9,105.7
105.7,105.1
105.1,100.7
100.7,97.5
97.5,99.1
99.1,100.9
100.9,102.6
102.6,105.7
105.7,107.1
107.1,106.4
106.4,102.2
102.2,93.2
93.2,89.1
89.1,91.9
91.9,99.4
99.4,104.5
104.5,104.0
104.0,102.8
102.8,100.2
100.2,94.9
94.9,91.6
91.6,94.0
94.0,99.4
99.4,104.2
104.2,104.6
104.6,100.8
100.8,93.1
93.1,85.7
85.7,83.8
83.8,84.0
84.0,84.4
84.4,84.3
84.3,86.1
86.1,88.7
88.7,86.6
86.6,83.1
83.1,81.5
81.5,82.2
82.2,84.3
84.3,87.8
87.8,88.6
88.6,86.5
86.5,84.4
84.4,82.4
82.4,77.4
77.4,69.4
69.4,67.9
67.9,70.4
70.4,72.1
72.1,71.0
71.0,67.9
67.9,63.7
63.7,58.9
58.9,56.3
56.3,54.6
54.6,52.4
52.4,50.1
50.1,48.4
48.4,46.2
46.2,41.2
41.2,34.4
34.4,29.4
29.4,26.2
26.2,23.7
23.7,23.3
23.3,23.0
23.0,21.4
21.4,20.0
20.0,18.7
18.7,16.6
16.6,12.6
12.6,10.1
10.1,9.8
9.8,9.3
9.3,8.5
8.5,7.7
7.7,6.6
6.6,5.5
5.5,5.3
5.3,5.4
5.4,5.1
5.1,5.2
5.2,5.7
5.7,5.6
5.6,5.7
5.7,6.1
6.1,6.5
6.5,6.4
6.4,5.8
5.8,5.2
5.2,4.7
4.7,4.3
4.3,4.2
4.2,3.6
3.6,2.9
2.9,2.8
2.8,2.6
2.6,2.5
2.5,2.5
2.5,2.6
2.6,4.0
4.0,5.5
5.5,6.6
6.6,7.7
7.7,8.5
8.5,9.8
9.8,10.9
10.9,12.4
12.4,14.8
14.8,17.5
17.5,21.6
21.6,26.8
26.8,31.0
31.0,34.6
34.6,40.5
40.5,49.1
49.1,58.0
58.0,64.8
64.8,70.5
70.5,75.5
75.5,78.1
78.1,80.5
80.5,83.0
83.0,85.8
85.8,89.9
89.9,94.9
94.9,97.7
97.7,96.4
96.4,92.7
92.7,90.0
90.0,89.5
89.5,91.0
91.0,93.9
93.9,97.2
97.2,100.4
100.4,103.4
103.4,105.6
105.6,108.5
108.5,114.6
114.6,122.4
122.4,135.3
135.3,149.5
149.5,156.8
156.8,160.4
160.4,167.9
167.9,174.7
174.7,175.7
175.7,173.6
173.6,172.5
172.5,170.3
170.3,163.8
163.8,159.1
159.1,154.6
154.6,147.5
147.5,145.0
145.0,145.0
145.0,139.2
139.2,131.0
131.0,128.6
128.6,129.2
129.2,126.9
126.9,125.7
125.7,130.0
130.0,130.6
130.6,125.4
125.4,121.4
121.4,117.4
117.4,112.3
112.3,107.7
107.7,106.2
106.2,104.6
104.6,103.1
103.1,100.8
100.8,94.4
94.4,85.6
85.6,78.0
78.0,71.9
71.9,67.2
67.2,65.7
65.7,64.4
64.4,63.1
63.1,61.3
61.3,58.2
58.2,53.4
53.4,51.6
51.6,52.1
52.1,51.0
51.0,51.6
51.6,52.9
52.9,51.8
51.8,48.3
48.3,45.5
45.5,44.2
44.2,42.2
42.2,40.7
40.7,42.5
42.5,42.9
42.9,40.5
40.5,37.6
37.6,33.5
33.5,30.2
30.2,28.2
28.2,26.4
26.4,24.9
24.9,24.0
24.0,23.2
23.2,21.0
21.0,15.7
15.7,11.8
11.8,11.1
11.1,11.0
11.0,10.7
10.7,9.8
9.8,10.0
10.0,10.9
10.9,11.5
11.5,10.7
10.7,9.4
9.4,9.4
9.4,9.5
9.5,9.8
9.8,11.3
11.3,13.6
13.6,16.3
16.3,19.3
19.3,21.5
21.5,23.3
23.3,25.1
25.1,26.9
26.9,28.2
28.2,29.8
29.8,32.2
32.2,34.7
34.7,37.7
37.7,40.8
40.8,43.2
43.2,45.2
45.2,48.9
48.9,54.4
54.4,59.9
59.9,68.2
68.2,78.5
78.5,86.3
86.3,92.6
92.6,96.2
96.2,98.2
98.2,101.4
101.4,104.2
104.2,106.8
106.8,108.5
108.5,108.7
108.7,109.0
109.0,107.8
107.8,107.2
107.2,109.4
109.4,111.6
111.6,115.9
115.9,120.7
120.7,120.8
120.8,120.0
120.0,119.6
119.6,119.6
119.6,119.5
119.5,119.4
119.4,117.5
117.5,115.2
115.2,114.0
114.0,113.7
113.7,113.9
113.9,112.9
112.9,115.0
115.0,120.2
120.2,125.3
125.3,128.9
128.9,130.2
130.2,128.9
128.9,128.7
128.7,128.7
128.7,126.9
126.9,123.7
123.7,119.4
119.4,116.1
116.1,113.5
113.5,110.2
110.2,107.0
107.0,101.9
101.9,97.5
97.5,99.2
99.2,104.7
104.7,107.9
107.9,106.7
106.7,104.7
104.7,102.7
102.7,100.2
100.2,95.7
95.7,89.3
89.3,83.2
83.2,80.2
80.2,78.6
78.6,74.1
74.1,65.2
65.2,56.0
56.0,52.0
52.0,51.2
51.2,50.4
50.4,49.0
49.0,47.2
47.2,46.0
46.0,44.9
44.9,43.1
43.1,40.5
40.5,37.7
37.7,35.9
35.9,35.2
35.2,32.8
32.8,29.2
29.2,26.5
26.5,24.6
24.6,24.7
24.7,24.6
24.6,23.6
23.6,22.1
22.1,21.0
21.0,20.2
20.2,19.0
19.0,18.6
18.6,19.4
19.4,20.1
20.1,19.5
19.5,17.9
17.9,15.7
15.7,14.0
14.0,13.1
13.1,12.7
12.7,12.4
12.4,11.5
11.5,10.2
10.2,8.8
8.8,7.2
7.2,5.8
5.8,6.0
6.0,7.7
7.7,9.0
9.0,9.5
9.5,10.5
10.5,11.0
11.0,11.1
11.1,11.9
11.9,13.5
13.5,15.6
15.6,17.5
17.5,19.7
19.7,21.1
21.1,21.7
21.7,24.9
24.9,29.3
29.3,32.6
32.6,36.7
36.7,42.7
42.7,49.8
49.8,56.9
56.9,63.1
63.1,69.9
69.9,77.4
77.4,85.5
85.5,91.8
91.8,95.3
95.3,98.3
98.3,103.5
103.5,109.8
109.8,114.7
114.7,120.7
120.7,128.6
128.6,137.7
137.7,146.3
146.3,150.5
150.5,153.4
153.4,160.1
160.1,168.6
168.6,179.2
179.2,189.2
189.2,194.4
194.4,198.6
198.6,198.3
198.3,193.0
193.0,188.3
188.3,185.2
185.2,184.8
184.8,184.4
184.4,184.6
184.6,183.0
183.0,182.2
182.2,182.1
182.1,179.8
179.8,177.2
177.2,178.7
178.7,182.3
182.3,181.4
181.4,177.2
177.2,172.8
172.8,171.8
171.8,171.8
171.8,171.4
171.4,166.9
166.9,161.5
161.5,162.4
162.4,163.3
163.3,158.8
158.8,151.5
151.5,145.9
145.9,142.6
142.6,142.6
142.6,140.6
140.6,132.7
132.7,127.1
127.1,123.8
123.8,121.7
121.7,118.5
118.5,113.0
113.0,110.0
110.0,111.1
111.1,112.6
112.6,111.3
111.3,107.7
107.7,103.2
103.2,99.5
99.5,96.1
96.1,94.4
94.4,91.2
91.2,88.0
88.0,87.3
87.3,85.3
85.3,81.6
81.6,78.5
78.5,78.3
78.3,79.4
79.4,81.9
81.9,83.6
83.6,79.9
79.9,73.1
73.1,67.0
67.0,60.8
60.8,55.5
55.5,53.1
53.1,51.8
51.8,49.4
49.4,46.2
46.2,42.6
42.6,38.4
38.4,35.2
35.2,34.2
34.2,33.6
33.6,33.2
33.2,32.7
32.7,31.4
31.4,29.2
29.2,27.5
27.5,26.6
26.6,24.0
24.0,20.9
20.9,18.0
18.0,15.4
15.4,14.4
14.4,13.6
13.6,12.9
12.9,13.0
13.0,13.9
13.9,14.6
14.6,15.3
15.3,17.0
17.0,18.9
18.9,20.4
20.4,23.4
23.4,27.5
27.5,31.7
31.7,36.4
36.4,39.7
39.7,41.7
41.7,46.8
46.8,52.8
52.8,55.2
55.2,57.1
57.1,64.3
64.3,73.2
73.2,80.1
80.1,86.9
86.9,93.2
93.2,101.0
101.0,111.7
111.7,121.5
121.5,128.0
128.0,135.7
135.7,147.7
147.7,157.7
157.7,163.1
163.1,167.3
167.3,173.3
173.3,182.8
182.8,193.4
193.4,199.2
199.2,204.1
204.1,211.2
211.2,217.2
217.2,218.7
218.7,216.1
216.1,214.1
214.1,210.9
210.9,206.0
206.0,206.3
206.3,207.1
207.1,205.7
205.7,205.0
205.0,202.3
202.3,198.9
198.9,195.7
195.7,192.2
192.2,191.6
191.6,193.5
193.5,199.8
199.8,209.1
209.1,210.3
210.3,203.8
203.8,197.1
197.1,193.4
193.4,190.4
190.4,188.5
188.5,188.4
188.4,190.9
190.9,192.5
192.5,190.3
190.3,184.1
184.1,176.1
176.1,171.4
171.4,169.4
169.4,167.1
167.1,162.8
162.8,158.5
158.5,150.7
150.7,141.0
141.0,131.6
131.6,122.6
122.6,116.4
116.4,111.9
111.9,106.7
106.7,102.3
102.3,101.2
101.2,102.4
102.4,101.6
101.6,98.5
98.5,98.9
98.9,100.2
100.2,99.5
99.5,98.9
98.9,97.3
97.3,94.0
94.0,89.8
89.8,84.0
84.0,75.3
75.3,66.5
66.5,61.5
61.5,59.8
59.8,56.2
56.2,51.4
51.4,48.0
48.0,45.5
45.5,44.0
44.0,42.1
42.1,40.3
40.3,39.5
39.5,38.8
38.8,37.3
37.3,34.6
34.6,31.0
31.0,28.6
28.6,27.2
27.2,25.0
25.0,22.0
22.0,18.5
18.5,16.7
16.7,16.6
16.6,15.1
15.1,12.8
12.8,10.8
10.8,9.3
9.3,8.2
8.2,6.3
6.3,5.1
5.1,5.5
5.5,6.3
6.3,7.9
7.9,10.5
10.5,11.4
11.4,11.6
11.6,13.8
13.8,17.4
17.4,20.5
20.5,23.7
23.7,28.0
28.0,33.5
33.5,41.2
41.2,50.0
50.0,57.0
57.0,66.0
66.0,78.8
78.8,91.3
91.3,103.5
103.5,114.8
114.8,125.8
125.8,139.4
139.4,154.7
154.7,168.1
168.1,180.4
180.4,193.9
193.9,206.1
206.1,211.8
211.8,214.5
214.5,220.6
220.6,226.0
226.0,232.7
232.7,241.1
241.1,243.8
243.8,246.8
246.8,256.3
256.3,262.7
262.7,266.1
266.1,271.1
271.1,275.3
275.3,279.3
279.3,282.5
282.5,284.4
284.4,283.3
283.3,281.8
281.8,284.5
284.5,285.0
285.0,278.7
278.7,271.0
271.0,264.5
264.5,262.3
262.3,261.9
261.9,260.3
260.3,258.1
258.1,255.9
255.9,255.6
255.6,252.9
252.9,250.4
250.4,247.1
247.1,239.7
239.7,233.9
233.9,228.5
228.5,220.6
220.6,214.2
214.2,207.1
207.1,199.7
199.7,194.2
194.2,187.6
187.6,182.5
182.5,177.0
177.0,172.1
172.1,169.4
169.4,165.7
165.7,161.3
161.3,153.8
153.8,145.0
145.0,138.6
138.6,132.1
132.1,124.5
124.5,118.5
118.5,113.6
113.6,105.9
105.9,97.5
97.5,91.1
91.1,85.1
85.1,79.1
79.1,75.3
75.3,74.4
74.4,74.3
74.3,73.0
73.0,71.7
71.7,69.1
69.1,64.2
64.2,59.4
59.4,56.7
56.7,56.1
56.1,55.9
55.9,54.6
54.6,52.5
52.5,49.8
49.8,46.7
46.7,44.0
44.0,42.9
42.9,42.6
42.6,42.1
42.1,42.6
42.6,42.6
42.6,41.6
41.6,41.1
41.1,40.4
40.4,39.7
39.7,39.0
39.0,38.6
38.6,37.4
37.4,34.2
34.2,30.7
30.7,28.1
28.1,25.7
25.7,22.3
22.3,18.6
18.6,16.0
16.0,15.0
15.0,15.2
15.2,15.1
15.1,14.6
14.6,14.3
14.3,15.0
15.0,16.2
16.2,17.2
17.2,17.7
17.7,18.4
18.4,19.9
19.9,21.2
21.2,21.8
21.8,22.6
22.6,23.8
23.8,25.2
25.2,28.4
28.4,32.1
32.1,35.2
35.2,39.7
39.7,44.8
44.8,49.2
49.2,53.3
53.3,57.9
57.9,63.4
63.4,71.4
71.4,80.3
80.3,89.5
89.5,95.8
95.8,99.4
99.4,103.0
103.0,106.2
106.2,111.6
111.6,116.5
116.5,119.8
119.8,123.9
123.9,129.4
129.4,133.3
133.3,135.0
135.0,134.9
134.9,134.5
134.5,137.6
137.6,142.5
142.5,145.3
145.3,145.7
145.7,148.2
148.2,151.8
151.8,152.4
152.4,150.9
150.9,148.9
148.9,148.4
148.4,151.5
151.5,155.5
155.5,156.6
156.6,156.0
156.0,155.7
155.7,155.1
155.1,152.9
152.9,150.7
150.7,150.4
150.4,150.1
150.1,149.9
149.9,150.7
150.7,149.2
149.2,147.4
147.4,148.0
148.0,148.5
148.5,149.5
149.5,150.1
150.1,150.3
150.3,150.3
150.3,149.8
149.8,149.1
149.1,147.0
147.0,143.0
143.0,137.6
137.6,132.9
132.9,126.5
126.5,119.0
119.0,113.8
113.8,110.1
110.1,105.3
105.3,100.4
100.4,96.5
96.5,94.5
94.5,92.7
92.7,91.5
91.5,93.2
93.2,93.8
93.8,94.7
94.7,98.3
98.3,100.3
100.3,100.9
100.9,102.6
102.6,104.0
104.0,103.3
103.3,99.9
99.9,96.6
96.6,92.9
92.9,88.2
88.2,85.9
85.9,83.3
83.3,78.2
78.2,72.3
72.3,66.1
66.1,62.8
62.8,60.8
60.8,57.9
57.9,55.6
55.6,53.4
53.4,51.4
51.4,49.0
49.0,46.6
46.6,45.4
45.4,45.0
45.0,46.8
46.8,49.1
49.1,48.5
48.5,48.3
48.3,49.4
49.4,49.3
49.3,48.6
48.6,47.3
47.3,45.8
45.8,43.2
43.2,39.3
39.3,36.1
36.1,33.0
33.0,31.8
31.8,30.6
30.6,26.8
26.8,24.2
24.2,23.2
23.2,21.8
21.8,20.7
20.7,20.9
20.9,22.3
22.3,23.3
23.3,23.6
23.6,22.1
22.1,19.2
19.2,17.8
17.8,18.4
18.4,18.3
18.3,17.9
17.9,18.8
18.8,20.5
20.5,20.8
20.8,19.7
19.7,19.7
19.7,21.6
21.6,24.3
24.3,26.3
26.3,28.8
28.8,31.9
31.9,34.7
34.7,37.7
37.7,41.4
41.4,47.6
47.6,55.8
55.8,64.8
64.8,73.7
73.7,80.7
80.7,86.9
86.9,91.5
91.5,98.7
98.7,109.0
109.0,117.8
117.8,126.6
126.6,138.0
138.0,147.3
147.3,153.6
153.6,157.3
157.3,160.4
160.4,166.7
166.7,175.2
175.2,185.4
185.4,193.3
193.3,199.9
199.9,208.5
208.5,216.7
216.7,219.5
219.5,220.1
220.1,220.4
220.4,223.4
223.4,229.8
229.8,232.9
232.9,232.0
232.0,230.2
230.2,227.9
227.9,224.6
224.6,221.3
221.3,219.1
219.1,216.1
216.1,212.0
212.0,211.5
211.5,211.9
211.9,209.1
209.1,202.8
202.8,199.6
199.6,202.2
202.2,205.4
205.4,205.7
205.7,204.1
204.1,200.9
200.9,198.5
198.5,199.9
199.9,202.7
202.7,201.4
201.4,196.0
196.0,194.1
194.1,192.7
192.7,186.6
186.6,180.0
180.0,173.4
173.4,167.5
167.5,164.0
164.0,161.5
161.5,153.5
153.5,141.4
141.4,133.3
133.3,131.3
131.3,130.5
130.5,127.9
127.9,123.9
123.9,117.1
117.1,110.5
110.5,104.5
104.5,95.9
95.9,89.1
89.1,88.9
88.9,91.7
91.7,92.0
92.0,89.7
89.7,85.5
85.5,80.5
80.5,75.8
75.8,71.2
71.2,66.8
66.8,63.5
63.5,61.7
61.7,58.3
58.3,52.2
52.2,44.3
44.3,37.2
37.2,31.6
31.6,27.4
27.4,25.2
25.2,23.5
23.5,21.7
21.7,21.3
21.3,21.4
21.4,20.8
20.8,19.9
19.9,19.6
19.6,19.8
19.8,19.7
19.7,19.1
19.1,17.3
17.3,15.2
15.2,14.3
14.3,14.3
14.3,15.1
15.1,15.8
15.8,15.2
15.2,15.1
15.1,14.4
14.4,13.5
13.5,14.7
14.7,16.6
16.6,18.3
18.3,19.9
19.9,22.3
22.3,25.5
25.5,28.0
28.0,30.3
30.3,32.7
32.7,36.2
36.2,40.5
40.5,45.3
45.3,51.0
51.0,55.1
55.1,60.9
60.9,69.2
69.2,76.9
76.9,84.9
84.9,93.0
93.0,101.4
101.4,114.3
114.3,128.5
128.5,141.1
141.1,151.2
151.2,156.9
156.9,164.4
164.4,176.1
176.1,184.8
184.8,190.7
190.7,198.0
198.0,203.8
203.8,209.5
209.5,212.1
212.1,212.0
212.0,211.1
211.1,210.5
210.5,212.4
212.4,212.5
212.5,206.2
206.2,201.2
201.2,202.4
202.4,200.9
200.9,198.1
198.1,195.1
195.1,192.0
192.0,190.1
190.1,191.6
191.6,194.6
194.6,195.2
195.2,195.2
195.2,197.8
197.8,202.8
202.8,204.4
204.4,203.9
203.9,203.8
203.8,202.9
202.9,202.8
202.8,203.5
203.5,203.3
203.3,200.9
200.9,196.7
196.7,191.4
191.4,183.1
183.1,172.6
172.6,161.1
161.1,151.8
151.8,146.0
146.0,142.1
142.1,137.1
137.1,128.5
128.5,119.3
119.3,113.0
113.0,109.0
109.0,106.3
106.3,104.5
104.5,101.9
101.9,99.3
99.3,95.4
95.4,90.2
90.2,84.2
84.2,78.6
78.6,76.5
76.5,73.6
73.6,68.3
68.3,63.2
63.2,58.4
58.4,55.1
55.1,52.6
52.6,50.2
50.2,49.4
49.4,49.6
49.6,48.7
48.7,46.4
46.4,42.7
42.7,40.1
40.1,39.7
39.7,39.4
39.4,38.7
38.7,37.6
37.6,35.6
35.6,33.7
33.7,32.0
32.0,29.4
29.4,27.3
27.3,25.9
25.9,24.4
24.4,22.0
22.0,19.0
19.0,17.0
17.0,15.9
15.9,15.1
15.1,14.5
14.5,14.2
14.2,13.7
13.7,12.0
12.0,11.2
11.2,11.6
11.6,11.3
11.3,11.2
11.2,11.3
11.3,12.0
12.0,13.4
13.4,14.3
14.3,14.5
14.5,15.2
15.2,18.3
18.3,22.0
22.0,24.4
24.4,27.2
27.2,30.4
30.4,33.6
33.6,38.2
38.2,43.1
43.1,47.1
47.1,52.0
52.0,58.4
58.4,65.4
65.4,72.0
72.0,76.9
76.9,80.8
80.8,85.4
85.4,89.8
89.8,93.5
93.5,96.4
96.4,98.2
98.2,102.3
102.3,110.4
110.4,118.4
118.4,122.5
122.5,122.3
122.3,125.0
125.0,132.6
132.6,136.3
136.3,138.1
138.1,142.9
142.9,150.5
150.5,159.3
159.3,164.1
164.1,164.0
164.0,166.1
166.1,170.6
170.6,174.3
174.3,175.2
175.2,172.9
172.9,172.7
172.7,174.2
174.2,172.8
172.8,168.8
168.8,165.3
165.3,163.1
163.1,162.7
162.7,158.3
158.3,152.5
152.5,155.1
155.1,160.7
160.7,163.7
163.7,167.4
167.4,172.0
172.0,175.8
175.8,177.1
177.1,177.3
177.3,180.3
180.3,179.1
179.1,177.6
177.6,179.7
179.7,178.2
178.2,174.4
174.4,171.3
171.3,166.9
166.9,161.5
161.5,155.4
155.4,149.5
149.5,143.9
143.9,136.0
136.0,131.4
131.4,129.6
129.6,125.7
125.7,118.7
118.7,111.9
111.9,107.0
107.0,101.7
101.7,96.0
96.0,92.9
92.9,91.8
91.8,89.1
89.1,86.9
86.9,84.1
84.1,80.1
80.1,76.4
76.4,73.2
73.2,71.0
71.0,69.5
69.5,67.1
67.1,64.8
64.8,63.0
63.0,60.2
60.2,57.9
57.9,56.6
56.6,55.7
55.7,54.5
54.5,53.2
53.2,52.3
52.3,49.3
49.3,45.0
45.0,44.5
44.5,44.6
44.6,41.9
41.9,39.4
39.4,38.9
38.9,38.4
38.4,36.0
36.0,33.0
33.0,29.7
29.7,27.4
27.4,27.0
27.0,27.4
27.4,26.2
26.2,25.0
25.0,25.9
25.9,26.0
26.0,23.7
23.7,21.1
21.1,20.2
20.2,19.8
19.8,19.0
19.0,17.7
17.7,16.4
16.4,14.4
14.4,12.8
12.8,11.6
11.6,9.9
9.9,9.6
9.6,9.9
9.9,9.2
9.2,7.9
7.9,6.6
6.6,5.6
5.6,5.1
5.1,5.1
5.1,5.4
5.4,4.8
4.8,4.0
4.0,3.8
3.8,3.2
3.2,2.4
2.4,2.3
2.3,2.2
2.2,2.5
2.5,2.7
2.7,2.9
2.9,3.3
3.3,3.5
3.5,4.1
4.1,5.5
5.5,7.4
7.4,9.5
9.5,10.9
10.9,11.7
11.7,12.7
12.7,14.0
14.0,16.1
16.1,18.5
18.5,20.8
20.8,23.1
23.1,24.6
24.6,25.2
25.2,26.4
26.4,29.5
29.5,34.5
34.5,39.1
39.1,42.5
42.5,45.7
45.7,48.8
48.8,53.8
53.8,61.1
61.1,69.3
69.3,77.2
77.2,83.6
83.6,86.3
86.3,86.6
86.6,87.4
87.4,89.4
89.4,92.5
92.5,95.5
95.5,98.1
98.1,98.3
98.3,95.1
95.1,90.9
90.9,86.6
86.6,84.5
84.5,85.1
85.1,85.3
85.3,85.8
85.8,87.7
87.7,88.1
88.1,86.8
86.8,86.1
86.1,84.4
84.4,84.3
84.3,87.0
87.0,90.9
90.9,94.6
94.6,99.0
99.0,104.6
104.6,107.0
107.0,106.9
106.9,107.6
107.6,109.3
109.3,110.5
110.5,114.3
114.3,116.4
116.4,115.0
115.0,114.1
114.1,112.6
112.6,108.3
108.3,101.9
101.9,97.3
97.3,94.7
94.7,92.2
92.2,89.3
89.3,86.1
86.1,82.1
82.1,78.9
78.9,76.1
76.1,72.1
72.1,68.3
68.3,66.4
66.4,65.9
65.9,64.3
64.3,61.2
61.2,57.8
57.8,54.4
54.4,52.5
52.5,50.4
50.4,47.8
47.8,44.8
44.8,41.5
41.5,38.5
38.5,36.0
36.0,33.2
33.2,31.5
31.5,29.9
29.9,28.5
28.5,27.8
27.8,26.5
26.5,25.7
25.7,24.8
24.8,23.3
23.3,22.2
22.2,21.0
21.0,19.5
19.5,18.2
